EXAMPLES/Upload_DEM_UTM/input_DEM.asc
ncols 345
nrows 278
xllcorner  499921.125
yllcorner  4174920.75
cellsize 15.0
NODATA_value -9999
[rows 140 to 159 of 278, columns 0 to 45 of 345]
3016.91211000000 3016.92505000000 3016.52100000000 3016.25000000000 3015.49194000000 3014.85889000000 3014.19312000000 3013.59595000000 3013.04712000000 3011.32202000000 3009.11304000000 3007.00708000000 3004.38306000000 3003.01904000000 3001.75293000000 2999.87012000000 2996.27197000000 2993.36401000000 2990.37695000000 2988.22900000000 2984.14795000000 2982.72095000000 2981.41992000000 2979.80908000000 2977.86108000000 2973.43604000000 2970.33398000000 2968.74512000000 2968.09912000000 2964.94995000000 2962.46802000000 2960.02490000000 2954.91992000000 2949.74707000000 2945.18994000000 2942.12695000000 2938.80103000000 2935.55396000000 2932.96411000000 2930.81812000000 2927.04810000000 2925.56909000000 2923.16602000000 2919.81396000000 2918.39600000000 2916.19507000000
3014.44897000000 3013.96509000000 3013.23901000000 3012.79810000000 3011.70190000000 3012.88696000000 3011.45288000000 3010.23804000000 3010.46899000000 3009.21606000000 3007.77905000000 3005.72998000000 3003.09595000000 3000.20410000000 2997.30298000000 2995.62109000000 2994.00098000000 2990.63501000000 2988.26196000000 2984.63501000000 2981.54004000000 2978.66504000000 2977.40308000000 2976.57788000000 2973.97803000000 2970.59790000000 2967.28296000000 2965.72290000000 2964.13892000000 2961.80688000000 2959.47998000000 2957.22803000000 2952.90308000000 2949.69092000000 2943.76807000000 2939.30591000000 2937.09009000000 2933.82300000000 2932.31006000000 2929.30005000000 2925.73291000000 2923.56909000000 2921.10596000000 2919.01709000000 2916.64404000000 2914.56299000000
3011.62793000000 3011.39600000000 3010.57300000000 3009.66602000000 3009.26001000000 3010.56812000000 3010.04395000000 3008.37402000000 3007.42090000000 3005.94312000000 3005.58398000000 3003.85303000000 3001.80005000000 2998.34204000000 2995.31299000000 2992.61304000000 2990.49292000000 2988.02490000000 2985.87402000000 2982.62695000000 2980.80298000000 2978.25903000000 2974.87598000000 2972.49097000000 2971.00806000000 2967.83911000000 2964.41406000000 2961.67407000000 2959.67993000000 2959.50610000000 2957.13599000000 2954.26392000000 2949.17700000000 2945.77808000000 2941.70190000000 2938.19507000000 2935.36694000000 2932.14990000000 2929.85791000000 2926.90210000000 2924.08691000000 2922.42798000000 2920.11011000000 2918.39404000000 2915.88501000000 2913.08789000000
3009.35303000000 3008.75903000000 3007.69604000000 3007.53394000000 3007.36792000000 3006.36401000000 3007.39697000000 3006.32495000000 3005.43604000000 3004.09912000000 3002.39404000000 3001.71997000000 2999.63208000000 2996.67700000000 2993.11499000000 2989.84595000000 2987.79102000000 2985.69604000000 2983.48389000000 2981.51001000000 2979.17798000000 2976.20605000000 2972.93188000000 2970.14209000000 2967.78198000000 2965.77295000000 2962.14307000000 2959.29297000000 2956.88110000000 2954.51392000000 2953.40405000000 2949.52393000000 2945.50293000000 2942.43188000000 2939.73608000000 2936.76709000000 2933.35205000000 2931.14404000000 2928.07007000000 2924.62500000000 2921.70190000000 2920.73901000000 2918.62695000000 2916.18896000000 2914.25195000000 2911.61108000000
3006.58008000000 3006.20996000000 3005.75806000000 3004.72290000000 3003.94092000000 3003.30811000000 3003.38110000000 3003.43994000000 3002.49194000000 3000.93799000000 2998.35889000000 2997.08398000000 2997.54810000000 2994.97412000000 2991.72290000000 2988.09106000000 2985.82593000000 2982.88892000000 2980.92798000000 2979.21606000000 2977.13110000000 2973.49194000000 2970.22803000000 2967.61108000000 2964.95605000000 2962.54590000000 2959.48608000000 2956.44702000000 2954.18994000000 2951.64209000000 2948.72607000000 2944.84204000000 2942.30103000000 2938.88794000000 2935.93604000000 2933.45288000000 2931.11401000000 2928.98291000000 2925.75903000000 2922.66309000000 2919.74707000000 2918.33398000000 2917.04102000000 2914.56201000000 2912.20190000000 2910.15088000000
3003.67090000000 3003.05908000000 3002.33789000000 3001.12695000000 3000.78198000000 2999.73804000000 2999.68994000000 3000.03491000000 2998.92212000000 2996.78198000000 2994.51709000000 2993.40698000000 2993.85791000000 2992.18311000000 2989.72607000000 2985.99097000000 2983.32104000000 2980.63599000000 2978.35693000000 2975.73193000000 2973.30688000000 2971.68799000000 2969.34009000000 2966.09497000000 2963.66089000000 2960.95898000000 2956.94604000000 2954.11597000000 2952.10010000000 2949.85400000000 2946.28491000000 2942.39990000000 2939.47705000000 2935.19897000000 2932.93408000000 2930.00610000000 2926.42505000000 2924.38696000000 2921.58301000000 2918.16211000000 2916.30591000000 2915.78589000000 2914.70288000000 2911.57690000000 2909.40088000000 2906.27905000000
3000.24805000000 2999.80396000000 2999.62891000000 2998.03296000000 2997.25293000000 2995.96606000000 2996.08911000000 2995.84204000000 2995.24097000000 2994.26001000000 2992.56909000000 2990.30298000000 2989.33301000000 2987.48804000000 2985.81689000000 2983.67993000000 2980.86304000000 2978.21997000000 2976.25195000000 2973.01709000000 2970.34692000000 2968.15308000000 2966.36108000000 2962.46606000000 2960.04199000000 2957.61890000000 2954.16504000000 2950.71899000000 2947.76904000000 2944.57007000000 2940.73389000000 2938.81299000000 2935.54590000000 2931.47998000000 2928.45605000000 2927.16992000000 2925.08789000000 2921.40405000000 2919.12891000000 2916.49512000000 2913.55493000000 2912.28906000000 2909.31396000000 2907.54492000000 2906.35400000000 2902.98291000000
2997.22192000000 2998.04199000000 2997.36108000000 2996.33008000000 2994.59106000000 2994.06299000000 2993.17407000000 2992.97803000000 2993.13501000000 2991.56396000000 2990.18896000000 2988.09595000000 2986.98804000000 2984.82495000000 2982.68799000000 2980.88501000000 2977.97803000000 2976.24902000000 2974.55005000000 2972.41504000000 2968.01001000000 2964.83301000000 2963.71802000000 2960.91504000000 2957.29004000000 2954.00488000000 2950.55591000000 2947.80005000000 2944.71899000000 2941.46704000000 2937.28003000000 2934.86499000000 2932.83203000000 2929.30396000000 2926.02295000000 2923.98999000000 2922.08789000000 2919.91602000000 2918.07202000000 2915.72900000000 2912.40796000000 2907.57300000000 2904.18188000000 2902.25195000000 2902.84399000000 2900.52100000000
2993.97705000000 2995.09790000000 2994.82104000000 2993.89600000000 2992.35303000000 2991.88794000000 2990.64990000000 2990.58789000000 2990.21997000000 2989.29907000000 2988.29492000000 2986.39404000000 2984.82202000000 2983.01099000000 2980.68799000000 2978.22412000000 2974.58789000000 2972.97192000000 2972.41992000000 2970.63306000000 2966.79712000000 2962.86499000000 2960.91406000000 2958.80200000000 2955.37988000000 2951.65308000000 2948.41699000000 2945.04199000000 2941.75195000000 2937.79199000000 2934.61011000000 2931.93091000000 2929.26099000000 2925.59106000000 2923.84912000000 2921.37207000000 2920.04004000000 2918.45898000000 2916.77588000000 2914.07104000000 2910.54712000000 2905.54712000000 2902.35596000000 2900.51099000000 2899.40991000000 2897.48193000000
2990.76611000000 2991.20898000000 2991.25610000000 2990.75000000000 2990.22803000000 2989.64795000000 2988.01196000000 2988.19800000000 2987.23804000000 2986.50488000000 2985.43799000000 2984.84692000000 2982.31201000000 2980.45898000000 2978.52393000000 2976.15308000000 2972.86401000000 2970.38599000000 2969.75806000000 2968.31812000000 2964.78809000000 2961.21289000000 2958.75195000000 2956.12402000000 2953.16309000000 2948.91992000000 2946.37402000000 2943.05103000000 2939.80396000000 2936.50610000000 2931.66602000000 2927.79810000000 2924.82593000000 2922.17212000000 2921.54907000000 2918.97998000000 2918.14893000000 2915.95898000000 2914.37891000000 2912.22998000000 2908.79590000000 2904.61304000000 2900.95801000000 2899.63306000000 2898.13501000000 2895.99805000000
2986.95288000000 2987.01392000000 2986.27905000000 2986.53101000000 2987.72998000000 2988.20288000000 2987.15698000000 2987.01001000000 2985.92700000000 2984.89795000000 2982.78906000000 2982.60400000000 2980.44604000000 2979.58203000000 2977.66797000000 2975.02295000000 2972.66699000000 2969.22900000000 2967.60889000000 2965.61890000000 2962.94800000000 2959.67700000000 2957.00488000000 2953.84790000000 2951.08105000000 2947.41602000000 2944.40308000000 2940.92798000000 2938.89209000000 2935.43408000000 2930.50806000000 2925.99512000000 2922.69995000000 2920.16797000000 2918.19189000000 2917.26099000000 2917.09595000000 2914.56592000000 2911.92603000000 2910.35498000000 2907.84790000000 2904.35693000000 2900.90405000000 2898.78809000000 2897.42700000000 2894.55591000000
2982.05103000000 2981.88306000000 2982.36792000000 2982.24609000000 2984.86499000000 2985.37109000000 2985.49707000000 2984.85693000000 2983.36108000000 2983.11890000000 2981.95996000000 2981.65698000000 2979.80811000000 2978.33789000000 2975.87207000000 2973.40991000000 2971.08789000000 2969.36401000000 2966.21606000000 2962.98706000000 2961.50000000000 2957.75195000000 2954.76294000000 2950.48096000000 2947.44409000000 2944.21411000000 2942.07007000000 2938.70898000000 2935.50195000000 2932.99292000000 2928.62500000000 2925.08203000000 2921.76709000000 2918.32788000000 2915.86011000000 2914.29199000000 2914.00098000000 2911.86499000000 2910.08203000000 2908.59790000000 2906.34595000000 2903.91089000000 2900.26001000000 2897.17700000000 2894.87891000000 2892.60205000000
2977.84595000000 2977.69800000000 2978.66309000000 2979.69189000000 2981.11499000000 2981.40210000000 2981.98193000000 2982.31006000000 2981.59106000000 2981.73608000000 2981.09204000000 2979.89502000000 2978.52002000000 2976.69092000000 2974.81396000000 2972.50488000000 2969.91699000000 2967.48999000000 2963.82495000000 2961.52002000000 2958.12793000000 2954.85889000000 2951.11401000000 2947.78491000000 2944.36401000000 2942.18091000000 2939.14111000000 2935.42212000000 2931.71899000000 2929.21704000000 2927.12207000000 2923.67505000000 2919.82593000000 2917.49390000000 2914.07007000000 2912.66602000000 2910.75391000000 2909.55200000000 2907.99292000000 2905.73193000000 2904.15991000000 2902.38403000000 2899.23999000000 2895.36694000000 2891.24902000000 2888.76807000000
2975.24902000000 2976.08496000000 2975.82397000000 2976.56104000000 2977.23291000000 2977.25391000000 2978.38989000000 2980.36206000000 2980.01001000000 2980.19092000000 2979.41602000000 2978.02490000000 2976.21094000000 2974.61792000000 2973.11011000000 2971.78003000000 2968.80591000000 2964.55200000000 2962.54590000000 2958.99609000000 2954.85693000000 2951.19189000000 2947.86401000000 2944.68408000000 2941.83008000000 2939.78589000000 2935.73291000000 2932.27393000000 2929.84302000000 2927.46509000000 2924.75000000000 2921.47705000000 2918.15503000000 2915.66309000000 2912.81299000000 2910.48804000000 2908.90698000000 2907.10400000000 2905.76807000000 2903.88794000000 2902.62402000000 2900.88306000000 2898.18408000000 2894.68311000000 2890.48901000000 2886.37402000000
2972.50195000000 2973.10400000000 2973.19189000000 2973.27905000000 2973.62402000000 2973.78101000000 2974.59399000000 2976.58008000000 2979.06909000000 2978.43799000000 2977.69702000000 2976.50098000000 2974.48804000000 2972.42798000000 2970.98193000000 2967.90503000000 2964.06689000000 2961.21289000000 2958.31689000000 2954.10010000000 2950.48193000000 2947.87500000000 2945.65601000000 2942.38794000000 2940.31104000000 2937.26807000000 2934.02002000000 2931.35010000000 2928.54297000000 2926.32104000000 2922.44409000000 2919.27393000000 2915.36011000000 2913.35205000000 2911.34497000000 2909.13403000000 2905.98706000000 2905.50391000000 2903.35010000000 2901.90698000000 2900.65503000000 2898.04199000000 2896.31592000000 2893.14600000000 2889.11401000000 2886.15405000000
2969.21289000000 2970.45288000000 2970.06299000000 2970.03198000000 2970.07593000000 2970.73389000000 2971.27588000000 2973.89795000000 2975.36206000000 2976.32397000000 2974.98999000000 2973.70605000000 2971.48804000000 2969.41309000000 2966.80396000000 2962.93701000000 2958.87109000000 2956.13403000000 2953.60010000000 2950.92993000000 2947.57007000000 2944.94092000000 2942.39111000000 2940.30200000000 2938.23608000000 2935.61304000000 2932.76611000000 2928.64990000000 2925.82007000000 2923.30811000000 2920.16309000000 2916.76611000000 2914.03394000000 2911.45703000000 2909.71802000000 2908.47998000000 2905.75708000000 2903.67700000000 2901.69897000000 2899.46289000000 2897.94995000000 2896.36694000000 2894.15894000000 2891.97192000000 2889.20508000000 2886.30591000000
2964.98389000000 2967.09497000000 2967.63696000000 2967.78394000000 2968.04199000000 2969.19702000000 2969.49902000000 2970.37012000000 2971.45605000000 2972.91602000000 2972.62012000000 2971.87012000000 2970.01294000000 2966.70898000000 2963.33911000000 2959.60107000000 2955.41309000000 2952.27100000000 2949.57910000000 2947.73608000000 2945.12793000000 2942 2939.96509000000 2937.75806000000 2935.63989000000 2932.87207000000 2929.77100000000 2926.30908000000 2923.29492000000 2921.23389000000 2918.32397000000 2915.77808000000 2912.43091000000 2909.73291000000 2907.83691000000 2906.54492000000 2904.85693000000 2902.47510000000 2900.24390000000 2898.19702000000 2895.25195000000 2892.46704000000 2891.45508000000 2889.63892000000 2887.78101000000 2884.87695000000
2962.38696000000 2963.36499000000 2964.44189000000 2964.74097000000 2965.37598000000 2965.88599000000 2966.18994000000 2967.52002000000 2969.41797000000 2970.44604000000 2971.34497000000 2970.05493000000 2967.74609000000 2965.12109000000 2962.15210000000 2957.75488000000 2953.73096000000 2949.73999000000 2946.70898000000 2944.49512000000 2942.11011000000 2939.51392000000 2937.65503000000 2935.51904000000 2933.62598000000 2930.60596000000 2927.28296000000 2923.21191000000 2921.08105000000 2919.46899000000 2916.87109000000 2913.97192000000 2910.29004000000 2907.33008000000 2905.06104000000 2904.83911000000 2903.64404000000 2901.64111000000 2899.51904000000 2897.22900000000 2894.23193000000 2890.82202000000 2888.00293000000 2887.14307000000 2885.21411000000 2882.75903000000
2960.01904000000 2960.61108000000 2961.72998000000 2962.66089000000 2962.94409000000 2963.60498000000 2963.61792000000 2964.73608000000 2966.82104000000 2967.60107000000 2968.29712000000 2968.01196000000 2966.19800000000 2964.38892000000 2959.98999000000 2954.57300000000 2949.69092000000 2946.51001000000 2943.21704000000 2941.17407000000 2938.48608000000 2936.12109000000 2934.48193000000 2932.49707000000 2930.75903000000 2927.94409000000 2924.86792000000 2922.33911000000 2920.72095000000 2917.99902000000 2915.33301000000 2912.20508000000 2908.50488000000 2905.18701000000 2902.60791000000 2902.62598000000 2901.69189000000 2900.81689000000 2898.72290000000 2896.09106000000 2893.09790000000 2890.06201000000 2886.18311000000 2883.88208000000 2882.45996000000 2880.31592000000
2957.28491000000 2957.74292000000 2959.07202000000 2959.66309000000 2960.16406000000 2960.37207000000 2961.60303000000 2962.61694000000 2963.12598000000 2964.45605000000 2964.72192000000 2965.47998000000 2964.65991000000 2961.93408000000 2957.19897000000 2952.55200000000 2947.31592000000 2943.18799000000 2940.52490000000 2938.65308000000 2935.76904000000 2932.83496000000 2931.72900000000 2929.88696000000 2928.71606000000 2926.05200000000 2923.75000000000 2921.33398000000 2919.47803000000 2916.79810000000 2913.69604000000 2910.27905000000 2906.47510000000 2902.53711000000 2900.85889000000 2900.42700000000 2899.40796000000 2898.72192000000 2896.87891000000 2894.97607000000 2891.98291000000 2888.87012000000 2885.26807000000 2881.38599000000 2879.88696000000 2878.18408000000
