EXAMPLES/Upload_DEM_UTM/input_DEM.asc
ncols 345
nrows 278
xllcorner  499921.125
yllcorner  4174920.75
cellsize 15.0
NODATA_value -9999
[rows 140 to 159 of 278, columns 184 to 229 of 345]
2012.03699000000 2008.18103000000 2005.22205000000 2001.50305000000 1997.66394000000 1994.60400000000 1992.43994000000 1989.53699000000 1986.17200000000 1982.45105000000 1978.58997000000 1975.02100000000 1971.97205000000 1968.71301000000 1966.23206000000 1961.96301000000 1956.35596000000 1951.08398000000 1948.26904000000 1945.74695000000 1943.73096000000 1943.19495000000 1940.76697000000 1939.10095000000 1936.09802000000 1932.85303000000 1930.12695000000 1929.52905000000 1928.83704000000 1927.82397000000 1926.15405000000 1924.50500000000 1922.53601000000 1918.88196000000 1916.32898000000 1914.86597000000 1913.15796000000 1913.55798000000 1913.44495000000 1912.84900000000 1912.18799000000 1911.02905000000 1908.73401000000 1905.67798000000 1903.41602000000 1901.82898000000
2011.23901000000 2006.82300000000 2003.45398000000 1999.98499000000 1997.13306000000 1994.58496000000 1992.00403000000 1988.95496000000 1985.70300000000 1982.28003000000 1978.24805000000 1973.49402000000 1969.88196000000 1967.21899000000 1964.83899000000 1961.98804000000 1956.17395000000 1951.18201000000 1947.96204000000 1945.07202000000 1941.96497000000 1939.05701000000 1936.73999000000 1934.53101000000 1932.16504000000 1930.42395000000 1929.56494000000 1927.91101000000 1927.11597000000 1925.86304000000 1924.36902000000 1922.74194000000 1921.19495000000 1919.30505000000 1916.31604000000 1913.96899000000 1912.09204000000 1910.92395000000 1909.90503000000 1909.47998000000 1909.46204000000 1907.05505000000 1906.27295000000 1904.15295000000 1901.84204000000 1899.56897000000
2011.10999000000 2007.18201000000 2003.41504000000 1999.44604000000 1996.04895000000 1992.98596000000 1990.22595000000 1987.18103000000 1983.66504000000 1980.20203000000 1977.24500000000 1972.21997000000 1967.98901000000 1965.42798000000 1962.85803000000 1960.09705000000 1956.70996000000 1950.68201000000 1947.77197000000 1945.21899000000 1941.53894000000 1937.72400000000 1935.22302000000 1933.22705000000 1930.62695000000 1928.29395000000 1927.74402000000 1926.32800000000 1924.95203000000 1923.52600000000 1922.13098000000 1921.02002000000 1919.60095000000 1918.59595000000 1918.68201000000 1916.23401000000 1913.24902000000 1910.35803000000 1908.03699000000 1906.43701000000 1904.49805000000 1901.90601000000 1901.56897000000 1901.59998000000 1900.10596000000 1897.38098000000
2009.80505000000 2007.04700000000 2003.03894000000 1998.03503000000 1994.92798000000 1992.18396000000 1989.15906000000 1985.16199000000 1980.91394000000 1976.96106000000 1974.04297000000 1970.95496000000 1966.70801000000 1962.88794000000 1960.05896000000 1957.42102000000 1954.77100000000 1949.81006000000 1946.06702000000 1943.56897000000 1940.17004000000 1936.56104000000 1934.64197000000 1932.48303000000 1930.07397000000 1927.41602000000 1925.63403000000 1925.20496000000 1923.33496000000 1921.68896000000 1919.57202000000 1917.58398000000 1917.06396000000 1917.61902000000 1918.07703000000 1916.40503000000 1914.27698000000 1911.60596000000 1909.06494000000 1906.80603000000 1902.91003000000 1899.88306000000 1898.87000000000 1898.82397000000 1898.03406000000 1895.32495000000
2008.10901000000 2005.21594000000 2002.60596000000 1997.84802000000 1992.87000000000 1988.81799000000 1985.55896000000 1982.05298000000 1977.61206000000 1974.59705000000 1971.42603000000 1968.09802000000 1965.48096000000 1962.49902000000 1958.03406000000 1954.85205000000 1952.20996000000 1948.73401000000 1945.56201000000 1941.81201000000 1938.88306000000 1935.67200000000 1932.89600000000 1930.68201000000 1928.45898000000 1926.85803000000 1925.72302000000 1924.36902000000 1921.83899000000 1919.85706000000 1917.77600000000 1916.28003000000 1915.01697000000 1915.32703000000 1915.43701000000 1915.22998000000 1913.25305000000 1911.95801000000 1909.65002000000 1906.51697000000 1902.22095000000 1899.41101000000 1897.29199000000 1897.09595000000 1896.18994000000 1893.51404000000
2004.51501000000 2002.86096000000 2000.44202000000 1997.74097000000 1992.22595000000 1987.25696000000 1983.31006000000 1979.23596000000 1974.69397000000 1969.85596000000 1966.59595000000 1964.46704000000 1962.51404000000 1960.00806000000 1957.56604000000 1953.80200000000 1950.13794000000 1946.78699000000 1943.84302000000 1941.16895000000 1939.44604000000 1936.45996000000 1934.07202000000 1931.10901000000 1929.17603000000 1927.59204000000 1925.38794000000 1922.98596000000 1921.75696000000 1919.51294000000 1917.68896000000 1915.86304000000 1913.87805000000 1912.95996000000 1912.89600000000 1912.47595000000 1912.41296000000 1911.21802000000 1909.37305000000 1906.30701000000 1903.33801000000 1899.96802000000 1896.78894000000 1895.11206000000 1894.31104000000 1891.79895000000
2002.67798000000 1998.23596000000 1997.43994000000 1995.36597000000 1991.13501000000 1985.47095000000 1980.99902000000 1976.41699000000 1972.24304000000 1967.52502000000 1963.58203000000 1960.39795000000 1958.14600000000 1956.98206000000 1956.50098000000 1954.30200000000 1949.44104000000 1945.88794000000 1942.62500000000 1940.13403000000 1939.08899000000 1936.87903000000 1934.87903000000 1932.45300000000 1930.32300000000 1928.96106000000 1926.63196000000 1922.99194000000 1920.43201000000 1919.70496000000 1917.23206000000 1914.62903000000 1912.73096000000 1910.69995000000 1909.98096000000 1909.87500000000 1910.41895000000 1910.25305000000 1908.74304000000 1906.27100000000 1903.33301000000 1900.69104000000 1897.37305000000 1893.15503000000 1891.69202000000 1890.15601000000
2001.92004000000 1994.87500000000 1992.01294000000 1991.11401000000 1987.78003000000 1983.51904000000 1978.18103000000 1972.79895000000 1968.91394000000 1965.36597000000 1961.51001000000 1958.03503000000 1955.55103000000 1953.58398000000 1953.33606000000 1952.27197000000 1948.53699000000 1944.35303000000 1941.22095000000 1938.23401000000 1937.31201000000 1937.20203000000 1935.06799000000 1931.94299000000 1929.81604000000 1927.92700000000 1926.25403000000 1923.92200000000 1920.35400000000 1917.84399000000 1916.17102000000 1913.26794000000 1911.00195000000 1909.36902000000 1908.17297000000 1907.36499000000 1907.52197000000 1907.56897000000 1906.97302000000 1903.70605000000 1900.49500000000 1898.95398000000 1896.84302000000 1891.99402000000 1889.04199000000 1886.93298000000
2001.02502000000 1994.06799000000 1988.69104000000 1985.63403000000 1983.58203000000 1980.66504000000 1976.10498000000 1970.33899000000 1965.28699000000 1961.64697000000 1958.02197000000 1954.95996000000 1952.57202000000 1950.47803000000 1948.75000000000 1947.39404000000 1945.72900000000 1943.14795000000 1940.38501000000 1937.10498000000 1935.81396000000 1935.09497000000 1934.23706000000 1931.68994000000 1928.17395000000 1924.70203000000 1923.63501000000 1921.98804000000 1919.32898000000 1916.13098000000 1914.21497000000 1912.37097000000 1909.93103000000 1908.30103000000 1906.29504000000 1905.00806000000 1904.14197000000 1903.42200000000 1902.81396000000 1900.99500000000 1897.93994000000 1896.39099000000 1895.70105000000 1891.88196000000 1887.81299000000 1884.79700000000
1999.84399000000 1992.98303000000 1986.67395000000 1981.85400000000 1979.36096000000 1977.17004000000 1973.62695000000 1969.26794000000 1964.17395000000 1959.62500000000 1955.72095000000 1952.45300000000 1950.60303000000 1948.94604000000 1946.10803000000 1944 1942.60400000000 1941.13000000000 1938.82104000000 1936.40405000000 1934.69604000000 1933.08203000000 1932.07300000000 1930.47900000000 1928.05603000000 1924.41602000000 1920.87000000000 1919.22400000000 1917.59399000000 1914.25696000000 1911.62500000000 1910.01294000000 1908.79297000000 1906.60596000000 1903.97302000000 1902.68396000000 1901.80298000000 1900.27905000000 1898.81995000000 1897.90796000000 1896.00696000000 1894.48596000000 1893.72498000000 1891.56006000000 1888.11096000000 1884.48901000000
1998.82202000000 1992.19299000000 1985.77002000000 1979.69604000000 1975.72900000000 1973.45105000000 1970.63794000000 1967.56604000000 1963.73499000000 1960.24402000000 1956.73706000000 1954.28699000000 1951.45105000000 1948.39197000000 1944.25305000000 1941.36902000000 1940.25195000000 1939.32800000000 1937.61804000000 1935.88306000000 1933.83496000000 1931.75806000000 1929.93103000000 1928.63000000000 1926.77002000000 1925.17603000000 1922.44604000000 1920.54700000000 1917.55896000000 1914.84094000000 1911.58203000000 1908.98303000000 1907.63599000000 1905.21704000000 1902.69995000000 1901.23096000000 1899.56201000000 1898.05798000000 1896.50195000000 1895.47595000000 1895.05200000000 1894.28101000000 1892.63000000000 1890.59094000000 1887.49805000000 1884.56799000000
1998.38794000000 1991.89197000000 1984.71204000000 1977.64502000000 1972.19702000000 1968.69104000000 1966.43506000000 1964.24097000000 1962.11499000000 1959.63000000000 1957.33801000000 1954.49500000000 1951.54797000000 1948.10205000000 1944.67004000000 1941.91504000000 1939.18103000000 1938.07605000000 1937.20996000000 1935.71899000000 1933.43396000000 1931.04102000000 1928.68201000000 1926.41101000000 1924.75696000000 1923.65698000000 1923.20703000000 1922.00598000000 1919.26404000000 1917.12695000000 1913.10205000000 1909.75696000000 1906.85999000000 1904.56995000000 1902.06299000000 1900.08203000000 1898.12598000000 1896.20496000000 1895.44800000000 1894.54102000000 1893.13696000000 1891.89404000000 1891.13794000000 1889.04700000000 1886.27100000000 1883.66101000000
1996.20605000000 1990.03601000000 1982.99500000000 1975.67700000000 1968.98901000000 1964.10205000000 1960.96399000000 1959.69604000000 1958.39905000000 1957.02698000000 1955.40503000000 1953.56897000000 1951.33105000000 1947.83801000000 1945.21899000000 1942.92200000000 1940.19800000000 1937.82703000000 1935.90601000000 1934.38904000000 1932.62402000000 1930.76501000000 1928.12500000000 1925.12695000000 1922.68396000000 1922.15698000000 1921.46899000000 1921.36804000000 1919.04602000000 1916.03503000000 1912.77600000000 1909.09900000000 1906.84802000000 1904.73999000000 1902.54199000000 1900.71399000000 1898.42200000000 1895.76001000000 1894.47498000000 1894.05396000000 1892.65198000000 1890.26404000000 1888.12598000000 1886.73499000000 1885.11694000000 1883.79395000000
1993.82703000000 1987.69800000000 1981.43005000000 1974.13794000000 1966.70605000000 1960.62097000000 1957.39099000000 1955.91895000000 1956.10205000000 1954.71704000000 1952.71899000000 1951.72302000000 1949.46399000000 1946.40796000000 1943.68201000000 1941.81799000000 1939.32898000000 1935.90601000000 1933.07397000000 1931.97302000000 1931.83301000000 1930.31897000000 1927.42297000000 1923.95398000000 1921.14600000000 1920.44397000000 1919.95300000000 1919.30200000000 1918.08899000000 1914.92505000000 1911.79004000000 1909.25305000000 1906.87402000000 1904.61694000000 1901.97705000000 1899.43298000000 1898.55896000000 1895.77600000000 1893.63501000000 1892.20898000000 1891.31494000000 1888.10706000000 1884.27698000000 1882.24304000000 1882.21704000000 1881.18506000000
1990.65002000000 1984.62903000000 1978.86499000000 1972.47302000000 1966.22205000000 1960.73901000000 1956.36096000000 1953.22803000000 1953.58801000000 1952.86304000000 1951.15698000000 1949.30798000000 1947.34399000000 1944.05896000000 1940.10400000000 1939.16003000000 1937.72095000000 1932.44897000000 1928.61694000000 1927.66895000000 1928.48096000000 1928.15100000000 1926.19299000000 1922.28796000000 1920.43994000000 1918.93506000000 1918.01501000000 1917.09802000000 1916.38306000000 1913.18896000000 1909.58301000000 1907.69702000000 1905.86597000000 1902.88098000000 1901.18298000000 1897.00098000000 1894.32898000000 1893.52795000000 1892.02905000000 1890.36694000000 1888.40100000000 1885.53699000000 1881.37695000000 1877.77600000000 1877.30603000000 1877.98499000000
1988.75598000000 1982.45996000000 1977.03699000000 1971.26404000000 1965.63501000000 1960.52405000000 1956.17700000000 1952.08606000000 1950.85498000000 1950.27100000000 1948.91003000000 1947.38306000000 1945.47998000000 1942.55701000000 1939.24402000000 1936.83496000000 1934.98303000000 1931.58997000000 1927.10999000000 1924.84595000000 1924.75598000000 1925.40698000000 1923.19800000000 1920.28601000000 1919.15503000000 1917.30103000000 1915.66699000000 1913.07996000000 1911.50195000000 1909.99902000000 1907.39502000000 1905.11206000000 1903.64697000000 1901.53101000000 1899.89502000000 1895.99402000000 1891.70105000000 1889.94299000000 1889.93396000000 1888.65601000000 1886.27197000000 1883.52698000000 1879.48401000000 1875.83704000000 1873.56604000000 1874.70300000000
1988.22205000000 1982.42603000000 1976.37903000000 1970.17505000000 1963.97498000000 1959.43201000000 1955.15198000000 1950.83398000000 1947.64905000000 1946.41101000000 1945.75403000000 1944.87402000000 1943.17102000000 1941.10303000000 1939.03601000000 1937.15698000000 1934.73206000000 1930.73999000000 1926.44897000000 1923.73804000000 1922.18201000000 1921.82397000000 1920.46399000000 1918.70300000000 1918.25806000000 1916.15295000000 1913.02295000000 1909.96899000000 1907.79700000000 1907.33496000000 1905.91199000000 1903.20105000000 1901.67798000000 1900.56897000000 1898.64905000000 1895.08301000000 1890.05103000000 1887.50305000000 1887.68799000000 1886.72498000000 1884.62000000000 1882.35498000000 1879.27002000000 1875.10596000000 1872.54004000000 1871.93201000000
1987.79102000000 1982.18604000000 1975.60303000000 1969.07703000000 1963.15198000000 1958.38904000000 1954.25806000000 1950.44299000000 1946.67505000000 1944.81995000000 1943.45398000000 1941.38403000000 1939.27002000000 1938.18604000000 1936.82996000000 1934.45605000000 1931.88599000000 1928.19800000000 1924.93103000000 1922.16296000000 1920.05505000000 1918.38098000000 1916.90503000000 1916.39795000000 1916.55701000000 1915.27002000000 1911.96899000000 1908.51697000000 1905.65198000000 1905.22205000000 1904.71997000000 1902.84399000000 1901.18396000000 1899.80298000000 1897.60901000000 1893.07996000000 1887.48206000000 1884.77197000000 1885.08801000000 1883.99805000000 1881.54602000000 1880.14600000000 1879.91699000000 1876.77405000000 1872.59094000000 1870.40698000000
1986.13000000000 1980.75598000000 1975.02502000000 1969.25903000000 1963.53894000000 1957.76599000000 1953.67700000000 1949.99902000000 1946.60498000000 1944.70496000000 1942.67505000000 1940.47803000000 1937.68896000000 1935.41699000000 1933.18298000000 1930.82397000000 1928.39404000000 1926.03503000000 1924.18701000000 1922.13794000000 1919.35205000000 1916.61804000000 1914.60803000000 1913.39600000000 1914.05505000000 1913.74695000000 1911.04797000000 1907.78894000000 1904.62097000000 1903.81104000000 1903.47900000000 1902.61804000000 1901.59998000000 1899.57202000000 1896.44995000000 1892.30798000000 1887.42395000000 1883.14001000000 1882.96594000000 1881.33801000000 1879.42505000000 1876.93799000000 1875.26099000000 1874.26099000000 1873.14502000000 1871.24194000000
1984.33997000000 1979.53601000000 1974.45496000000 1968.92102000000 1963.21301000000 1957.56201000000 1953.45996000000 1950.06604000000 1947.16602000000 1944.68994000000 1942.24805000000 1939.89294000000 1937.50403000000 1935.05396000000 1932.26196000000 1929.29895000000 1926.75098000000 1924.67395000000 1922.66003000000 1920.77905000000 1917.67102000000 1914.78699000000 1912.58997000000 1910.45605000000 1910.21497000000 1910.31494000000 1908.42896000000 1906.75098000000 1904.06299000000 1901.98596000000 1902.01599000000 1901.32495000000 1899.43701000000 1897.99695000000 1895.53296000000 1891.41699000000 1887.82397000000 1884.43896000000 1882.06604000000 1879.36096000000 1876.85901000000 1874.22595000000 1871.72803000000 1870.16394000000 1870.04297000000 1870.21204000000
