EXAMPLES/Upload_DEM_UTM/input_DEM.asc
ncols 345
nrows 278
xllcorner  499921.125
yllcorner  4174920.75
cellsize 15.0
NODATA_value -9999
[rows 100 to 119 of 278, columns 92 to 137 of 345]
2737.40601000000 2732.18896000000 2726.17798000000 2720.55200000000 2714.62988000000 2709.15991000000 2703.57007000000 2696.95996000000 2690.85303000000 2683.28906000000 2676.07007000000 2668.83301000000 2661.42090000000 2654.32007000000 2647.66309000000 2641.56104000000 2635.08496000000 2628.68311000000 2621.76294000000 2616.95093000000 2613.42993000000 2608.75488000000 2602.94995000000 2598.27588000000 2593.87695000000 2590.58691000000 2586.25610000000 2581.13696000000 2575.17505000000 2570.30908000000 2566.42505000000 2561.67993000000 2556.75195000000 2551.25488000000 2545.10791000000 2540.43311000000 2535.15503000000 2530.62793000000 2525.89404000000 2520.36792000000 2515.43799000000 2509.64600000000 2502.98291000000 2495.61890000000 2489.17896000000 2483.36206000000
2736.12793000000 2732.88208000000 2728.16602000000 2721.63892000000 2714.91602000000 2708.35400000000 2702.37012000000 2696.49194000000 2690.21509000000 2684.15796000000 2678.29297000000 2671.31006000000 2663.89404000000 2656.30811000000 2648.53101000000 2640.37012000000 2633.67505000000 2626.12695000000 2618.44312000000 2612.26904000000 2608.75488000000 2603.58105000000 2598.59399000000 2593.91504000000 2589.82397000000 2584.31299000000 2579.98193000000 2576.86011000000 2570.57495000000 2564.49902000000 2560.70190000000 2557.28589000000 2552.77490000000 2547.45190000000 2541.88599000000 2536.81909000000 2531.08008000000 2524.95410000000 2519.12695000000 2514.30908000000 2509.17603000000 2503.64502000000 2498.07397000000 2491.49390000000 2483.88403000000 2477.37598000000
2733.21191000000 2730.89795000000 2726.20996000000 2720.66406000000 2715.51294000000 2709.86011000000 2703.18604000000 2696.06812000000 2688.92603000000 2681.83911000000 2675.34595000000 2670.89990000000 2664.42603000000 2656.30811000000 2649.01392000000 2640.55103000000 2632.54199000000 2624.96899000000 2617.36597000000 2610.15405000000 2603.85498000000 2599.13794000000 2594.01807000000 2588.85693000000 2584.28296000000 2578.12988000000 2572.71802000000 2570.10498000000 2565.41504000000 2559.86206000000 2554.57593000000 2551.20898000000 2548.46606000000 2543.18408000000 2537.65894000000 2532.75293000000 2526.00610000000 2520.47192000000 2514.36890000000 2507.61597000000 2503.08496000000 2497.22900000000 2491.05811000000 2484.74097000000 2478.31494000000 2471.21094000000
2732.54102000000 2727.81396000000 2722.83008000000 2717.95898000000 2712.81494000000 2707.41699000000 2701.99902000000 2696.48804000000 2689.25610000000 2680.92896000000 2673.36401000000 2668.23804000000 2662.70801000000 2654.98706000000 2647.34692000000 2640.00195000000 2631.70801000000 2623.58789000000 2616.59790000000 2609.69604000000 2602.32910000000 2594.86206000000 2589.61890000000 2585.20605000000 2580.37012000000 2574.23096000000 2567.71899000000 2563.89502000000 2560.22192000000 2554.95996000000 2550.78906000000 2545.90308000000 2543.13989000000 2538.56592000000 2533.04590000000 2527.50903000000 2521.67310000000 2515.31299000000 2509.61108000000 2501.79297000000 2495.88696000000 2490.36597000000 2483.68799000000 2477.74097000000 2471.64111000000 2464.58301000000
2731.23193000000 2725.93799000000 2720.83105000000 2715.69409000000 2710.30811000000 2703.89209000000 2698.00610000000 2692.21289000000 2686.33911000000 2680.94800000000 2674.45508000000 2668.03491000000 2661.07910000000 2653.23706000000 2645.65991000000 2637.72290000000 2631.22412000000 2624.19092000000 2616.35400000000 2608.62109000000 2601.60693000000 2595.01489000000 2587.76904000000 2581.72705000000 2576.85400000000 2571.03491000000 2564.34399000000 2558.74512000000 2554.39990000000 2550.03711000000 2545.86499000000 2541 2536.95703000000 2532.44189000000 2528.32007000000 2522.55005000000 2516.28101000000 2509.88989000000 2503.26904000000 2496.01099000000 2489.28711000000 2483.89795000000 2477.14697000000 2470.44897000000 2464.26489000000 2457.73901000000
2730.29297000000 2725.03906000000 2719.22510000000 2712.89697000000 2707.03101000000 2701.91089000000 2695.88306000000 2688.59595000000 2682.09497000000 2677.13110000000 2673.72510000000 2669.10303000000 2662.45801000000 2653.98291000000 2645.05103000000 2637.28101000000 2630.25000000000 2623.35498000000 2617.41895000000 2609.54590000000 2602.06006000000 2594.66602000000 2586.56689000000 2579.47607000000 2573.53394000000 2568.40894000000 2562.64990000000 2556.12109000000 2550.12598000000 2544.92896000000 2540.49097000000 2535.76196000000 2530.84399000000 2526.01904000000 2522.49512000000 2518.13794000000 2511.26489000000 2504.24194000000 2498.07788000000 2490.69800000000 2483.25293000000 2477.17090000000 2470.85498000000 2464.05200000000 2457.56104000000 2450.37109000000
2727.74390000000 2721.20410000000 2715.27490000000 2710.00708000000 2704.26196000000 2698.64795000000 2694.20801000000 2688.23804000000 2681.52808000000 2674.87305000000 2669.37109000000 2665.22998000000 2661.20410000000 2654.91895000000 2646.83008000000 2637.97290000000 2629.85596000000 2622.09399000000 2615.06812000000 2608.03198000000 2599.59497000000 2591.73608000000 2584.25195000000 2577.58911000000 2571.68994000000 2566.02295000000 2560.00098000000 2554.14893000000 2548.20996000000 2541.62305000000 2536.12012000000 2530.52295000000 2525.41089000000 2520.00806000000 2515.62207000000 2512.40088000000 2506.55688000000 2499.17700000000 2492.78296000000 2486.37891000000 2479.15991000000 2471.81812000000 2464.20605000000 2456.97290000000 2450.31299000000 2443.78906000000
2725.35791000000 2718.67212000000 2713.43799000000 2708.62109000000 2703.20996000000 2698.01099000000 2693.07104000000 2686.98193000000 2680.94800000000 2674.23901000000 2666.76294000000 2660.11206000000 2656.58203000000 2651.86206000000 2645.73608000000 2638.85693000000 2631.91504000000 2624.63403000000 2616.94189000000 2608.98706000000 2599.49194000000 2590.64502000000 2582.95801000000 2575.12109000000 2567.98804000000 2561.71094000000 2556.41211000000 2551.32593000000 2545.36792000000 2538.46509000000 2532.00806000000 2526.05591000000 2520.73096000000 2515.53491000000 2509.87402000000 2505.80908000000 2501.11011000000 2493.87012000000 2487.35010000000 2481.36108000000 2474.19897000000 2466.89600000000 2458.57495000000 2450.53394000000 2443.34595000000 2436.78003000000
2725.77905000000 2719.93994000000 2714.70605000000 2709.17090000000 2703.48706000000 2697.72900000000 2691.88501000000 2685.57007000000 2679.10205000000 2672.17090000000 2665.07300000000 2658.75903000000 2652.74194000000 2647.08789000000 2641.90698000000 2636.50806000000 2629.59497000000 2622.54004000000 2616.31494000000 2609.46606000000 2601.51099000000 2591.92090000000 2582.88208000000 2574.28809000000 2566.07104000000 2558.65796000000 2551.98193000000 2545.98804000000 2539.96411000000 2533.14307000000 2526.77100000000 2521.56201000000 2516.37305000000 2510.45605000000 2504.94189000000 2499.70508000000 2494.75806000000 2489.32690000000 2482.43408000000 2475.62207000000 2468.85693000000 2461.80103000000 2454.05591000000 2445.80493000000 2437.25391000000 2430.06396000000
2727.13696000000 2721.52588000000 2715.88892000000 2709.79810000000 2703.86304000000 2698.27808000000 2692.71899000000 2685.04907000000 2677.60010000000 2670.02002000000 2663.13989000000 2656.63989000000 2650.18994000000 2643.78003000000 2636.30591000000 2630.76099000000 2623.77295000000 2617.18896000000 2611.81104000000 2606.32007000000 2599.73291000000 2592.23193000000 2583.44409000000 2574.74707000000 2565.19092000000 2556.55688000000 2549.36597000000 2542.11694000000 2534.95410000000 2529.00610000000 2522.36499000000 2516.01392000000 2511.09497000000 2505.36597000000 2499.48096000000 2493.73389000000 2487.99194000000 2482.89404000000 2477.57300000000 2470.94702000000 2463.05493000000 2456.56299000000 2449.11694000000 2440.88696000000 2432.14404000000 2423.70093000000
2727.21411000000 2721.60107000000 2716.04492000000 2710.00903000000 2704.08105000000 2698.40601000000 2692.92993000000 2686.05005000000 2678.59399000000 2670.72510000000 2663.60596000000 2656.27002000000 2648.99805000000 2641.47705000000 2633.62891000000 2626.64600000000 2619.54712000000 2612.85107000000 2606.61304000000 2600.56006000000 2594.04907000000 2587.67090000000 2580.22705000000 2572.57593000000 2563.71289000000 2554.56689000000 2546.70410000000 2539.26294000000 2532.58789000000 2526.53198000000 2520.02588000000 2512.96606000000 2506.30200000000 2500.33398000000 2493.90601000000 2488.34302000000 2482.41406000000 2476.18188000000 2470.74609000000 2465.65405000000 2458.37305000000 2450.67798000000 2443.46704000000 2435.70801000000 2427.86499000000 2418.83203000000
2726.39697000000 2720.40991000000 2714.28101000000 2708.51392000000 2702.85303000000 2697.48901000000 2692.20605000000 2686.63110000000 2679.79102000000 2672.01294000000 2664.19409000000 2656.42310000000 2648.54102000000 2640.66797000000 2632.96704000000 2625.38989000000 2617.78589000000 2610.26709000000 2602.99902000000 2595.34399000000 2587.98389000000 2581.27295000000 2574.08301000000 2566.73999000000 2559.27588000000 2550.98096000000 2543.41504000000 2536.00391000000 2529.59302000000 2523.26294000000 2516.13110000000 2509.31689000000 2503.12207000000 2496.32397000000 2489.09106000000 2482.49292000000 2476.99390000000 2470.31299000000 2463.79395000000 2458.50000000000 2453.08691000000 2445.92798000000 2437.37305000000 2429.72998000000 2422.60107000000 2414.77393000000
2724.97803000000 2718.77808000000 2712.54199000000 2707.05200000000 2701.19312000000 2695.68408000000 2690.72705000000 2685.55200000000 2679.20190000000 2671.24292000000 2663.09106000000 2655.06104000000 2646.39600000000 2638.34790000000 2630.84692000000 2623.09595000000 2615.67700000000 2607.94189000000 2599.78711000000 2591.68091000000 2584.06689000000 2576.80688000000 2569.33691000000 2561.58911000000 2553.94897000000 2545.98096000000 2538.51709000000 2531.66699000000 2525.52393000000 2519.24194000000 2511.98706000000 2504.24292000000 2498.16699000000 2491.84692000000 2485.01807000000 2478.14990000000 2471.28906000000 2464.60596000000 2457.63306000000 2451.08911000000 2445.69800000000 2439.72998000000 2431.60010000000 2423.55200000000 2416.74292000000 2409.63989000000
2724.37305000000 2717.66797000000 2711.43604000000 2705.88110000000 2700.08008000000 2693.99512000000 2688.49902000000 2682.56689000000 2676.50903000000 2669.89600000000 2662.21191000000 2653.81592000000 2644.41699000000 2635.85107000000 2627.28491000000 2619.97998000000 2612.87305000000 2605.58398000000 2597.28491000000 2588.72803000000 2580.37695000000 2572.93701000000 2565.46191000000 2558.24097000000 2550.83398000000 2542.71606000000 2534.62402000000 2527.62012000000 2520.87988000000 2514.52393000000 2506.70703000000 2498.98608000000 2491.75195000000 2486.17505000000 2480.15405000000 2473.70288000000 2466.31494000000 2459.65698000000 2452.96289000000 2445.57593000000 2438.17407000000 2432.19507000000 2425.50098000000 2417.25293000000 2409.60498000000 2402.68408000000
2724.42896000000 2717.89209000000 2711.49902000000 2706.02905000000 2699.92505000000 2693.38306000000 2687.12305000000 2680.52100000000 2673.82104000000 2666.90991000000 2659.58105000000 2652.06689000000 2643.00098000000 2633.96997000000 2624.71509000000 2616.31104000000 2609.26099000000 2602.27002000000 2594.12500000000 2585.81299000000 2576.53809000000 2568.77100000000 2561.60498000000 2554.11890000000 2547.13306000000 2539.84692000000 2531.46704000000 2523.45093000000 2516.66089000000 2509.70093000000 2502.08691000000 2494.40405000000 2486.98193000000 2480.00488000000 2474.21899000000 2467.97412000000 2461.51001000000 2454.72290000000 2447.97900000000 2440.46606000000 2432.14111000000 2425.43506000000 2418.62988000000 2411.06299000000 2402.79004000000 2395.58691000000
2725.03394000000 2718.79199000000 2712.46704000000 2707.20190000000 2700.71289000000 2693.26099000000 2686.19189000000 2678.91089000000 2671.74097000000 2664.29590000000 2656.62598000000 2649.01709000000 2640.88306000000 2632.35205000000 2623.26392000000 2613.89404000000 2605.76099000000 2597.94995000000 2589.84790000000 2581.84106000000 2573.26196000000 2565.08008000000 2557.30005000000 2549.79199000000 2542.59692000000 2535.40698000000 2527.52905000000 2519.61401000000 2512.10596000000 2504.91895000000 2497.71289000000 2489.74805000000 2482.43799000000 2475.02002000000 2467.97900000000 2462.36108000000 2455.44604000000 2449.81396000000 2442.85791000000 2435.32397000000 2427.74390000000 2420.01294000000 2412.41699000000 2404.98389000000 2396.76001000000 2388.92700000000
2725.17896000000 2718.49805000000 2712.03491000000 2706.43091000000 2699.96411000000 2692.94800000000 2685.36401000000 2677.19702000000 2669.68994000000 2662.05298000000 2654.24097000000 2645.76904000000 2637.20190000000 2628.70703000000 2619.82300000000 2611.08008000000 2602.96997000000 2594.39697000000 2586.08789000000 2578.02197000000 2570.07690000000 2562.14111000000 2553.75098000000 2545.23096000000 2537.68604000000 2530.48706000000 2523.20410000000 2515.57397000000 2507.75391000000 2500.06201000000 2492.64600000000 2484.91797000000 2476.82202000000 2469.21411000000 2462.13989000000 2456.20703000000 2450.75488000000 2443.90088000000 2437.97412000000 2430.52002000000 2422.54395000000 2415.26001000000 2407.29395000000 2399.62500000000 2392.05908000000 2384.01099000000
2724.34497000000 2717.50391000000 2710.78394000000 2704.80493000000 2698.70093000000 2692.29297000000 2684.21704000000 2676.14893000000 2667.95605000000 2659.63794000000 2651.50488000000 2642.98804000000 2633.98389000000 2624.87109000000 2616.30811000000 2608.11108000000 2600.30005000000 2591.53589000000 2582.56299000000 2573.92798000000 2565.48291000000 2557.62402000000 2549.97900000000 2541.61792000000 2533.04712000000 2525.15991000000 2517.94312000000 2510.90308000000 2503.30688000000 2495.46289000000 2487.67993000000 2480.16699000000 2472.40405000000 2464.19409000000 2456.14209000000 2449.45898000000 2443.88501000000 2438.70703000000 2432.15405000000 2425.36011000000 2418.24512000000 2410.49097000000 2403.17310000000 2395.86401000000 2387.86499000000 2379.52100000000
2722.91406000000 2716.37891000000 2709.47900000000 2701.88403000000 2695.15088000000 2688.93188000000 2681.86694000000 2673.83398000000 2666.19702000000 2657.84497000000 2649.02002000000 2639.81812000000 2630.71191000000 2621.04492000000 2611.70288000000 2603.71509000000 2595.88501000000 2587.42700000000 2578.72290000000 2569.97607000000 2561.48291000000 2552.74194000000 2545.22607000000 2537.55811000000 2528.64893000000 2519.92798000000 2512.37695000000 2505.42896000000 2498.50708000000 2491.14600000000 2483.47900000000 2475.51709000000 2467.50903000000 2459.62793000000 2451.35010000000 2443.69189000000 2437.18896000000 2431.27905000000 2426.22412000000 2420.29712000000 2414.01709000000 2406.62207000000 2398.82300000000 2391.87402000000 2385.10205000000 2376.86890000000
2720.97510000000 2713.64600000000 2706.05396000000 2698.78906000000 2691.94312000000 2685.24292000000 2677.85498000000 2670.60010000000 2662.83398000000 2654.75610000000 2645.73901000000 2635.83301000000 2625.67505000000 2616.36108000000 2607.28589000000 2598.75098000000 2590.85889000000 2582.47607000000 2574.28809000000 2565.55908000000 2556.79492000000 2548.34009000000 2540.49097000000 2532.89795000000 2524.63696000000 2515.39600000000 2506.94702000000 2499.62109000000 2492.85107000000 2486.16504000000 2478.96191000000 2471.01611000000 2463.02100000000 2455.17700000000 2447.41992000000 2439.73608000000 2432.20605000000 2425.54199000000 2419.55396000000 2414.17603000000 2408.52710000000 2401.31006000000 2394.31592000000 2387.56689000000 2381.13501000000 2374.07007000000
