EXAMPLES/Upload_DEM_UTM/input_DEM.asc
ncols 345
nrows 278
xllcorner  499921.125
yllcorner  4174920.75
cellsize 15.0
NODATA_value -9999
[rows 20 to 39 of 278, columns 92 to 137 of 345]
2711.09912000000 2707.36401000000 2703.31201000000 2698.12109000000 2694.29712000000 2691.05005000000 2688.20410000000 2685.36694000000 2681.96606000000 2678.57104000000 2674.61304000000 2668.97705000000 2664.87012000000 2660.80688000000 2657.32202000000 2655.06494000000 2651.87109000000 2648.07593000000 2645.01807000000 2641.76709000000 2639.12207000000 2636.84497000000 2634.65698000000 2631.66895000000 2628.78296000000 2624.30908000000 2619.73511000000 2615.69995000000 2611.96509000000 2608.34009000000 2604.82788000000 2601.36206000000 2598.61304000000 2597.35400000000 2595.41895000000 2592.44800000000 2589.00391000000 2586.41406000000 2584.70996000000 2583.02710000000 2581.06299000000 2577.85205000000 2574.98193000000 2571.22192000000 2567.13403000000 2564.18799000000
2711.19995000000 2706.83594000000 2702.95410000000 2698.51392000000 2694.39893000000 2690.65405000000 2687.55811000000 2684.64209000000 2680.91699000000 2677.08301000000 2673.45190000000 2668.19702000000 2663.89111000000 2660.43604000000 2658.56396000000 2656.71191000000 2652.86108000000 2649.46191000000 2646.21509000000 2642.52100000000 2639.12891000000 2636.90210000000 2633.37500000000 2630.19312000000 2626.34106000000 2623.20288000000 2619.84399000000 2615.71509000000 2612.04712000000 2607.75195000000 2603.81494000000 2600.26904000000 2597.37402000000 2594.58301000000 2592.47607000000 2590.67505000000 2588.23511000000 2585.20288000000 2583.37891000000 2582.39697000000 2580.01611000000 2576.86499000000 2574.05811000000 2570.43604000000 2566.73511000000 2563.61011000000
2710.43408000000 2706.11206000000 2701.71411000000 2697.56006000000 2694.35010000000 2691.20996000000 2688.18311000000 2684.92700000000 2681.14600000000 2677.26611000000 2673.21094000000 2669.12500000000 2665.89697000000 2663.46411000000 2661.49902000000 2659.25293000000 2655.70801000000 2651.10791000000 2647.35010000000 2643.32397000000 2639.59790000000 2636.15210000000 2632.31006000000 2629.01904000000 2625.56104000000 2622.88696000000 2619.46094000000 2615.54102000000 2612.01099000000 2607.69702000000 2603.49609000000 2600.25903000000 2597.55298000000 2593.87012000000 2590.27710000000 2588.50903000000 2586.85791000000 2584.95703000000 2582.67310000000 2581.18091000000 2578.65210000000 2575.60498000000 2572.82788000000 2569.96704000000 2566.51001000000 2563.40894000000
2709.08594000000 2704.65088000000 2701.32593000000 2697.57397000000 2694.42993000000 2691.95288000000 2689.11792000000 2685.59204000000 2681.71899000000 2678.07910000000 2674.55103000000 2671.27588000000 2668.94092000000 2666.06812000000 2663.25391000000 2661.23193000000 2657.48901000000 2653.72998000000 2650.00195000000 2644.47607000000 2640.52588000000 2637.14307000000 2632.68506000000 2628.94800000000 2625.85303000000 2622.95190000000 2619.27905000000 2615.76709000000 2612.25708000000 2608.06592000000 2603.97095000000 2600.75293000000 2598.30396000000 2594.57397000000 2590.36890000000 2587.42700000000 2585.37109000000 2583.92603000000 2581.84302000000 2579.21606000000 2576.77710000000 2574.00903000000 2571.03394000000 2568.21191000000 2565.81592000000 2563.49902000000
2710.13208000000 2706.89404000000 2703.12207000000 2699.61401000000 2696.30396000000 2692.88501000000 2689.69995000000 2685.96509000000 2681.87305000000 2678.83398000000 2675.91992000000 2673.35010000000 2670.42993000000 2667.19507000000 2664.29712000000 2661.66992000000 2659.04810000000 2655.63208000000 2651.77197000000 2647.03809000000 2643.00806000000 2639.33911000000 2633.93701000000 2630.51807000000 2627.44897000000 2623.66602000000 2619.56396000000 2615.44702000000 2611.80005000000 2608.07300000000 2604.56104000000 2601.47510000000 2598.49390000000 2594.44189000000 2590.06006000000 2586.54907000000 2583.46606000000 2582.02905000000 2580.33398000000 2577.57593000000 2574.96191000000 2572.18408000000 2569.37793000000 2566.48608000000 2564.18506000000 2562.44604000000
2711.40503000000 2708.82593000000 2704.65796000000 2700.18311000000 2696.75806000000 2693.80396000000 2690.26392000000 2685.68994000000 2681.46606000000 2678.43994000000 2675.57495000000 2673.15088000000 2670.90308000000 2668.42896000000 2665.59912000000 2662.25391000000 2658.72412000000 2654.76611000000 2651.40601000000 2647.83691000000 2644.51807000000 2640.51904000000 2635.40503000000 2632.01709000000 2628.47900000000 2623.65210000000 2619.05005000000 2614.26196000000 2610.39111000000 2606.94995000000 2604.46289000000 2601.83105000000 2598.48096000000 2594.15698000000 2589.78491000000 2585.91699000000 2581.92993000000 2579.42407000000 2576.67700000000 2574.17603000000 2571.59204000000 2569.54492000000 2567.76392000000 2565.01904000000 2562.36499000000 2560.14893000000
2712.25000000000 2708.93311000000 2706.04199000000 2702.27905000000 2698.70508000000 2695.06006000000 2690.64697000000 2686.37012000000 2682.92896000000 2680.21704000000 2676.81909000000 2672.96509000000 2670.42798000000 2668.20605000000 2665.90503000000 2662.88110000000 2658.39600000000 2653.96509000000 2650.37012000000 2647.09692000000 2643.16895000000 2639.70898000000 2635.83496000000 2631.65088000000 2627.46606000000 2623.41895000000 2618.53003000000 2613.14307000000 2609.05908000000 2606.50000000000 2604.30908000000 2602.10498000000 2598.53394000000 2594.21094000000 2589.72412000000 2585.94507000000 2582.05811000000 2578.52710000000 2575.44092000000 2572.52808000000 2570.09692000000 2567.63110000000 2565.43701000000 2563.21411000000 2560.59204000000 2558.50610000000
2714.30103000000 2710.66211000000 2707.22998000000 2703.85303000000 2700.93506000000 2697.82593000000 2693.96094000000 2689.80396000000 2686.53198000000 2683.41089000000 2679.21411000000 2674.53003000000 2670.73096000000 2666.77905000000 2664.02588000000 2660.77100000000 2655.96606000000 2651.28198000000 2647.30103000000 2643.52490000000 2639.72412000000 2637.10303000000 2634.60400000000 2630.87012000000 2626.75098000000 2622.64111000000 2618.15503000000 2612.44409000000 2607.86792000000 2605.03003000000 2603.16309000000 2601.15405000000 2597.98096000000 2594.48291000000 2590.30298000000 2586.10889000000 2582.26611000000 2577.90796000000 2574.75806000000 2571.99902000000 2569.51294000000 2566.73096000000 2564.39795000000 2561.45703000000 2558.41309000000 2557.22803000000
2713.64697000000 2710.94189000000 2707.46606000000 2703.35889000000 2700.25195000000 2697.34692000000 2694.43799000000 2690.80005000000 2687.26001000000 2683.75610000000 2680.65796000000 2675.28809000000 2670.83789000000 2666.37305000000 2662.63501000000 2658.61011000000 2653.97900000000 2649.60107000000 2645.46094000000 2640.82910000000 2637.86694000000 2636.44800000000 2634.15894000000 2630.70996000000 2626.60010000000 2623.06494000000 2618.32690000000 2613.43604000000 2609.35791000000 2605.33911000000 2602.26709000000 2599.98389000000 2596.71094000000 2592.77588000000 2589.07593000000 2585.67993000000 2581.57397000000 2576.82104000000 2573.53003000000 2570.99902000000 2569.15796000000 2566.04102000000 2563.01001000000 2559.29199000000 2555.90796000000 2554.79297000000
2713.64990000000 2710.12988000000 2706.01611000000 2701.81396000000 2698.78491000000 2695.78101000000 2692.89307000000 2689.81909000000 2685.55103000000 2681.60107000000 2679.01807000000 2675.28589000000 2670.96289000000 2666.46094000000 2662.08105000000 2657.20410000000 2653.70605000000 2650.66406000000 2647.12500000000 2642.85303000000 2639.38403000000 2637.09009000000 2634.22412000000 2630.37109000000 2625.58691000000 2621.73706000000 2617.30811000000 2613.35596000000 2609.41504000000 2605.03711000000 2601.53711000000 2599.29199000000 2596.71899000000 2592.13599000000 2587.69409000000 2583.28101000000 2579.74902000000 2576.19800000000 2572.09692000000 2569.70996000000 2567.79004000000 2564.89404000000 2561.46899000000 2557.20508000000 2553.48901000000 2551.25391000000
2714.49609000000 2709.67310000000 2705.58594000000 2701.15308000000 2697.20703000000 2693.11792000000 2689.00610000000 2685.84399000000 2682.73999000000 2679.50000000000 2676.43408000000 2673.79712000000 2670.27490000000 2666.09399000000 2661.33105000000 2657.85205000000 2654.73999000000 2651.15894000000 2647.43604000000 2644.26294000000 2641.31909000000 2638.15308000000 2633.94897000000 2629.93604000000 2625.39893000000 2621.01904000000 2617.43799000000 2613.82397000000 2609.20410000000 2604.75903000000 2600.55688000000 2597.35693000000 2593.95996000000 2590.09692000000 2585.84106000000 2581.56689000000 2577.24902000000 2574.32593000000 2571.68896000000 2569.18506000000 2566.81104000000 2564.07690000000 2560.09399000000 2555.70093000000 2552.01611000000 2549.12500000000
2715.37305000000 2710.82690000000 2706.14795000000 2700.84692000000 2696.93701000000 2693.30591000000 2688.45508000000 2684.26709000000 2681.77295000000 2679.33594000000 2676.72095000000 2674.21802000000 2669.98511000000 2665.41602000000 2661.46899000000 2658.18799000000 2655.38110000000 2651.90088000000 2647.39502000000 2642.94189000000 2639.73291000000 2636.47412000000 2632.58594000000 2628.83691000000 2624.52100000000 2620.46509000000 2617.24707000000 2613.71191000000 2609.43408000000 2605.14307000000 2600.84912000000 2597.01904000000 2593.45996000000 2589.07104000000 2584.52490000000 2579.79810000000 2576.00806000000 2572.28394000000 2569.30493000000 2567.18701000000 2565.18188000000 2562.13501000000 2558.72998000000 2554.84204000000 2550.92505000000 2547.68994000000
2715.77197000000 2712.04102000000 2708.50098000000 2704.35010000000 2699.72900000000 2695.08691000000 2690.33691000000 2686.58594000000 2684.20703000000 2682.00391000000 2678.45508000000 2674.36694000000 2669.31592000000 2664.33594000000 2660.04492000000 2656.64111000000 2653.57397000000 2650.89111000000 2646.97192000000 2643.86499000000 2640.52100000000 2637.60205000000 2634.70801000000 2631.14600000000 2626.79590000000 2621.66895000000 2616.52588000000 2612.40601000000 2608.88501000000 2604.69092000000 2601.24707000000 2597.12402000000 2593.58105000000 2589.15405000000 2584.13306000000 2578.94604000000 2574.11499000000 2570.16699000000 2567 2563.44995000000 2561.61401000000 2558.90088000000 2555.89111000000 2553.77588000000 2550.27588000000 2546.17212000000
2711.71094000000 2707.55200000000 2705.14893000000 2702.74194000000 2701.17798000000 2698.03394000000 2693.88208000000 2690.03589000000 2686.62402000000 2682.45996000000 2676.97705000000 2672.42505000000 2667.20605000000 2662.33594000000 2658.75098000000 2656.57495000000 2653.66211000000 2650.56689000000 2646.33691000000 2643.35205000000 2640.17407000000 2637.19409000000 2634.27808000000 2631.12109000000 2628.10791000000 2624.39307000000 2618.01489000000 2612.07788000000 2607.52588000000 2603.64209000000 2600.10205000000 2596.35889000000 2593.03101000000 2589.20288000000 2584.02002000000 2578.50610000000 2572.60498000000 2567.49805000000 2564.18896000000 2561.40601000000 2558.61499000000 2556.52710000000 2554.06909000000 2551.87988000000 2548.90308000000 2545.43701000000
2708.29712000000 2704.67505000000 2701.35791000000 2699.37500000000 2697.07007000000 2695.32397000000 2693.20288000000 2690.49609000000 2687.94702000000 2682.18799000000 2675.44995000000 2670.54395000000 2667.03711000000 2664.29712000000 2662.34595000000 2659.81592000000 2655.19702000000 2651.48193000000 2646.93506000000 2643.06592000000 2640.11597000000 2636.57910000000 2633.57495000000 2630.27197000000 2626.52002000000 2622.91504000000 2618.97803000000 2615.22095000000 2609.95605000000 2604.18188000000 2599.40503000000 2595.27588000000 2592.00708000000 2588.35303000000 2583.09009000000 2577.96899000000 2571.97705000000 2566.35205000000 2562.06909000000 2560.12207000000 2556.95093000000 2554.64697000000 2552.88794000000 2549.94897000000 2547.39697000000 2544.68506000000
2707.96606000000 2704.03491000000 2700.91699000000 2698.14990000000 2694.68896000000 2691.10205000000 2688.37109000000 2687.41089000000 2685.85693000000 2682.49609000000 2677.72607000000 2673.48608000000 2670.26904000000 2668.26294000000 2665.77588000000 2662.85205000000 2657.73511000000 2651.23901000000 2646.14209000000 2641.87109000000 2638.58789000000 2635.33008000000 2631.85596000000 2628.35889000000 2625.27710000000 2622.20703000000 2618.37109000000 2614.36694000000 2610.48291000000 2605.75610000000 2600.08398000000 2595.69800000000 2591.96094000000 2587.63696000000 2581.77002000000 2576.82495000000 2571.61011000000 2566.51196000000 2561.43701000000 2558.48901000000 2555.97095000000 2553.48804000000 2551.79004000000 2549.17212000000 2546.42798000000 2543.76489000000
2709.24194000000 2704.61304000000 2700.55298000000 2697.62598000000 2694.15698000000 2689.95801000000 2685.61206000000 2681.81396000000 2679.90503000000 2679.20703000000 2676.62793000000 2673.73193000000 2671.62109000000 2667.72998000000 2664.33398000000 2661.07007000000 2657.63892000000 2652.61206000000 2647.73096000000 2642.06299000000 2637.43188000000 2634.10205000000 2631.62305000000 2628.73901000000 2624.55103000000 2620.20605000000 2616.26489000000 2612.43799000000 2607.87988000000 2604.95190000000 2601.92407000000 2596.84204000000 2591.73193000000 2587.16211000000 2581.75195000000 2576.10303000000 2571.21411000000 2566.58301000000 2561.57910000000 2557.95508000000 2554.71411000000 2552.46289000000 2550.47705000000 2547.92090000000 2545.25293000000 2542.38501000000
2708.20508000000 2704.23706000000 2700.26611000000 2696.81396000000 2692.56396000000 2688.12598000000 2683.87695000000 2679.28198000000 2676.17310000000 2674.54199000000 2672.57690000000 2670.18311000000 2666.75488000000 2661.86108000000 2658.49097000000 2655.27710000000 2653.12793000000 2650.74390000000 2647.77197000000 2643.43799000000 2639.47803000000 2634.92603000000 2630.70508000000 2627.59106000000 2622.87598000000 2617.84692000000 2613.65991000000 2609.40503000000 2605.94800000000 2602.76001000000 2599.44189000000 2596.01001000000 2591.81201000000 2586.46509000000 2581.13892000000 2576.06689000000 2571.86304000000 2566.79297000000 2562.06592000000 2558.80200000000 2556.02295000000 2553.63599000000 2550.88110000000 2548.27808000000 2545.43701000000 2541.94604000000
2707.84009000000 2703.03296000000 2698.59302000000 2694.40308000000 2689.48511000000 2685.96606000000 2682.48511000000 2678.99194000000 2675.98901000000 2673.44189000000 2670.71191000000 2667.41992000000 2663.15991000000 2658.42896000000 2655.13989000000 2652.22192000000 2649.17310000000 2645.85205000000 2643.55493000000 2640.62598000000 2638.01807000000 2635.15894000000 2630.86890000000 2625.09106000000 2619.76904000000 2615.34790000000 2611.34009000000 2607.84790000000 2603.56909000000 2600.01709000000 2596.80005000000 2593.80908000000 2591.56689000000 2586.82788000000 2580.33398000000 2575.77295000000 2571.35205000000 2566.66992000000 2563.66992000000 2561.37402000000 2558.72900000000 2555.14404000000 2551.50293000000 2547.98706000000 2543.88208000000 2539.78809000000
2709.08594000000 2704.14893000000 2698.30005000000 2692.96997000000 2687.62891000000 2683.59595000000 2681.01904000000 2677.79810000000 2675.30688000000 2673.12207000000 2670.65894000000 2667.73999000000 2663.77295000000 2659.14990000000 2654.85107000000 2650.54810000000 2647.53809000000 2645.64893000000 2641.37207000000 2636.54199000000 2632.63306000000 2630.90088000000 2628.99097000000 2624.15698000000 2619.06396000000 2613.96094000000 2609.18506000000 2605.99194000000 2602.66211000000 2598.41309000000 2595.01904000000 2591.90601000000 2589.27808000000 2586.58203000000 2580.89307000000 2575.77100000000 2572.02905000000 2568.91089000000 2566.73706000000 2563.90503000000 2560.23389000000 2556.34106000000 2552.18799000000 2547.18799000000 2541.71094000000 2537.01489000000
