EXAMPLES/UploadDEM/input_DEM.asc
ncols         200
nrows         288
xllcorner     496393.12873268
yllcorner     4172262.6693706
cellsize      30.0
NODATA_value  -9999
[rows 192 to 223 of 248, columns 0 to 71 of 200]
1619.7 1617.7 1615.3 1612.7 1610.2 1606.7 1605.4 1602.8 1600.3 1595.9 1593.1 1587.4 1582.2 1580.4 1578.8 1575.1 1571.6 1568.9 1566.6 1562.6 1560.9 1559.8 1560.2 1556.6 1553.3 1549.5 1545.2 1535.2 1529.3 1526.2 1524.1 1520.5 1515.2 1513.2 1510 1503.9 1498.6 1495.2 1492.8 1491 2338.3 2345.9 2353 2358.5 2364.1 2370.1 2376.8 2383.3 2388.5 2394 2401.1 2409.2 2416.2 2421.3 2426.6 2433.1 2440.3 2447.5 2455 2462.6 2470.2 2478 2485.7 2492.6 2498.3 2504.4 2511.4 2519.7 2527.8 2535 2542.8 2552.6
1754.2 1750.2 1747.8 1747.2 1746.3 1744 1741.6 1739 1736 1734.3 1731.8 1729 1726.8 1725.6 1723.1 1721.5 1719.3 1715.5 1713.1 1711.6 1708.7 1704.4 1703.3 1700.2 1696.2 1692.1 1688.7 1686.1 1684.8 1681.7 1679.5 1675.6 1670.2 1666.3 1662.4 1656.5 1652.4 1648.5 1644.4 1641.7 1638.6 1638.6 1637 1635.4 1632.8 1628.1 1625.4 1622.5 1621.7 1618.6 1616 1615.3 1611.6 1606.4 1603.8 1601.6 1600.2 1597.5 1593.1 1589.5 1585.6 1583.2 1579.5 1577 1572.8 1568.6 1564.8 1563.5 1561.5 1556.9 1550.9 1549.6
2267.9 2250.5 2235.1 2219.3 2204.5 2190.2 2176.4 2160.6 2145.4 2127.6 2110.4 2092.9 2077.5 2062.2 2047 2028.9 2012.1 1996 1980.9 1965.7 1950.8 1936.4 1924.6 1912.9 1901.8 1891 1880.4 1870.3 1861.4 1852.4 1844.4 1835.9 1827.2 1818.5 1810.3 1802.4 1794.2 1786.2 1778.8 1771.1 1767 1763.1 1762.2 1762 1762.2 1761.5 1759.5 1756.8 1753.8 1751.1 1748.7 1746.1 1745.3 1743.1 1741.6 1737.9 1735 1732 1729.8 1727.4 1724.4 1721.9 1720.4 1719.9 1718.2 1714.9 1712.1 1709.8 1708.5 1705.8 1702.8 1701.5
2648.2 2648.4 2655 2662.7 2669.9 2665.7 2664.7 2662.7 2660 2658 2659.9 2663.3 2661.9 2661.7 2661.8 2661.6 2659.2 2658.2 2659.1 2658.6 2658.4 2655.8 2655.1 2654.1 2650.9 2644 2638.4 2635.5 2635.5 2636.3 2633.8 2608.7 2576.1 2548.5 2542.9 2559 2512.4 2467.6 2445.1 2427 2409 2391.2 2370.4 2352.2 2334.7 2317.8 2300.8 2283.9 2263.8 2243.3 2225.8 2209.1 2194 2179.7 2165.5 2151.2 2136.9 2122.4 2105.9 2088.9 2073.1 2058.1 2042.9 2027.2 2011.4 1995.7 1979.1 1962.7 1947.2 1932 1918.5 1906
2421.6 2428.9 2435.1 2442.5 2450.9 2458.5 2465 2472.7 2480.2 2487.8 2495.5 2502.9 2510.1 2518 2526.5 2531.4 2537.2 2541.6 2546.6 2553.1 2557.1 2562.5 2565.7 2569.3 2571.8 2576.3 2581 2584.1 2585.8 2589.5 2594.1 2598.6 2603.7 2604.4 2608.8 2611.8 2613.3 2618.7 2624.2 2627.7 2630 2630.5 2629.8 2631.7 2635 2637.4 2637.2 2641.2 2644.5 2648 2650.6 2655.9 2660 2658.1 2657.6 2657.2 2654.2 2652.3 2653.4 2658.3 2656.8 2657.2 2655.5 2655.5 2653.7 2653.6 2654.4 2653.5 2652.9 2651.2 2649.3 2649.2
1599.3 1597 1594.7 1592 1586.6 1584.7 1581.7 1581.2 1578.5 1572.7 1568.3 1565.2 1561.4 1555.9 1551.8 1547.1 1543.8 1540.4 1536.8 1532.8 1531.1 1527.6 1525.2 1523.2 1518.8 1514.4 1510 1507.5 1502.2 1499 1496.9 1493.1 2324.5 2329.5 2333.8 2339.1 2344 2349.9 2354.9 2359.5 2363.3 2368.5 2375 2380.4 2387.2 2394.3 2400.6 2408.4 2416.5 2422.7 2429.2 2437.3 2445.3 2452.2 2459.3 2466.8 2474.8 2482.8 2489.1 2494.7 2503.3 2511 2517.5 2523.8 2530 2534.9 2540.5 2546.3 2551.3 2557 2560.3 2562.8
1733.8 1729 1726.6 1724.4 1721.4 1718.7 1716.8 1714.9 1713.4 1711.2 1708.3 1705.4 1703.5 1701.5 1701.1 1699.3 1696.8 1695.7 1694.1 1692.9 1690.1 1688.2 1685.4 1682.4 1678.6 1672.2 1664.8 1659 1654.5 1648 1643.8 1640.4 1636.9 1635.2 1630.3 1628.4 1626.6 1624.4 1623.8 1621.5 1621.6 1618.6 1613.5 1611.6 1608 1607 1604.5 1602.2 1599.4 1597.5 1595.1 1592.4 1586.7 1583.8 1582.9 1582 1576.2 1570.1 1567 1562.7 1559.1 1556.3 1550.8 1546.2 1544.1 1541.7 1538.2 1536.2 1534.1 1530.4 1527.9 1524.9
2107.2 2093.5 2080.1 2067.3 2053.6 2039.1 2024.9 2009.8 1995.1 1983.5 1973.3 1963.7 1949.1 1929.9 1913.9 1898.5 1885 1875.4 1865.3 1854.5 1845 1837.5 1829.6 1824.3 1819.4 1815 1809.1 1803.9 1797.8 1790.8 1785.4 1778.2 1771.9 1764.8 1761.7 1758.5 1756.9 1755 1754 1753 1751.5 1749.5 1747.6 1746.1 1744.3 1742.2 1739.7 1737.4 1734.1 1730.1 1725.8 1724.2 1720.3 1716.3 1715.4 1714 1712.2 1710.5 1708.6 1705.5 1703.6 1700.6 1699.9 1698.6 1697 1694.9 1694.1 1692.7 1691.7 1689.2 1684.8 1678.9
2644.1 2644.9 2647.7 2650 2651.4 2654.6 2659.2 2662.3 2661.9 2660 2654.8 2648.9 2645.5 2643.2 2640.5 2638.3 2636.4 2633 2629 2622.6 2613.3 2600.8 2579.7 2552.2 2538.7 2546.6 2495.1 2482.3 2451.8 2429.6 2412.8 2394.2 2376.6 2359.8 2343.1 2329 2315.6 2294.6 2273.8 2253.6 2233.6 2216.2 2199.9 2184.5 2168.4 2151.9 2133.2 2116 2100 2084.9 2071.1 2058.2 2045.2 2032.4 2018.9 2003.7 1989.9 1977 1964.9 1953.4 1941.3 1926.1 1912.4 1901.4 1887 1877.3 1865.9 1854.3 1844.8 1837.2 1830.1 1823
2456.1 2462.9 2467.3 2472.7 2479 2485 2491.7 2498.1 2504.9 2512.1 2518.3 2523.8 2528.8 2532.5 2537.6 2542.2 2548.9 2549.9 2551.6 2554.9 2559.6 2562.5 2569.7 2572.5 2574.1 2582.9 2592.8 2594.4 2594.7 2595.4 2598.4 2599.8 2599.2 2599.3 2603.6 2606 2614.6 2616.9 2620.9 2623.5 2626.7 2631.4 2632.7 2636.4 2636.8 2638.4 2640.3 2639.6 2638.9 2640.6 2642.4 2647.4 2655.8 2664.5 2673.3 2679.2 2679.6 2675.1 2665.8 2657.1 2648 2643 2640.9 2639.6 2635.3 2631 2626.9 2618 2606 2593 2576.6 2548.7
1575.9 1571.9 1567.8 1563.6 1558.9 1555.7 1553.3 1550.8 1547.2 1543.9 1540.2 1535.6 1530.4 1528.3 1527.3 1524.2 1521 1518.1 1515.8 1511.5 1508.2 1504.7 1499.4 1494.7 2301.9 2308.1 2314.9 2321.4 2327.1 2332.1 2336.2 2340.8 2343.8 2347.9 2353.3 2360.4 2367.4 2374.3 2381 2387.7 2394.1 2401.3 2409.4 2415.5 2421.4 2428.1 2435.3 2441.6 2449 2455.3 2459.5 2464.9 2470.8 2476.7 2483 2488.5 2496.2 2504 2510.2 2516.2 2519.5 2524.6 2529.6 2535.1 2541 2542.2 2544.4 2548.7 2552 2558.3 2562.7 2564.8
1714.5 1713.8 1711.2 1708.9 1704.3 1699 1697 1696.5 1695.7 1694.3 1692.2 1689.2 1684.8 1681.7 1678.9 1674.4 1672.4 1668.9 1663.5 1659.9 1656.2 1653.3 1650.5 1646 1643.1 1638.5 1634.9 1633.9 1630.7 1628.9 1628 1622.1 1617.6 1615.3 1612.4 1610.4 1606.7 1604.8 1603.3 1599.9 1598.4 1596.7 1593.2 1590.3 1588.6 1584.6 1580.7 1577.7 1574.9 1571.1 1567.1 1562.9 1557.6 1554.3 1552.3 1549.3 1545.9 1542.7 1539.7 1535.6 1530.6 1526.8 1525.1 1523.2 1521.6 1519.5 1515.6 1512 1507.6 1504.1 1500.4 1497
1986.8 1973.2 1958 1942.5 1928.3 1916.5 1907.6 1897.3 1888.7 1882 1876.2 1867.3 1856.4 1846.7 1839.1 1831.2 1825.7 1818.4 1808.9 1804.2 1798.6 1793.3 1790.3 1786.5 1781.7 1777.1 1772.1 1768.1 1765.7 1766.7 1768 1763.7 1761.7 1759.7 1757.6 1755.6 1753 1750.9 1748.1 1744.5 1741 1738 1733.8 1730.4 1726.2 1722 1719.5 1719.2 1716.3 1714.4 1712.7 1709.5 1703.7 1697.7 1695.7 1696.2 1695.3 1693.4 1691.1 1688 1684.4 1681.8 1678.9 1675.9 1673.2 1669.4 1666.6 1661.8 1657.7 1654.7 1651 1648
2688.5 2705.2 2693.6 2676.9 2662.3 2649.1 2639.8 2634.5 2630.4 2626.7 2621.7 2614.7 2607.6 2588 2564.3 2541.7 2522.7 2503.7 2487.7 2471.2 2453.8 2433.9 2411.1 2390.8 2371.8 2355 2344.6 2328.3 2312.5 2269.9 2250 2233.9 2219.4 2204.8 2186.2 2166.5 2148.7 2134 2119.3 2101.9 2087.8 2074.4 2058.4 2042.2 2029.2 2018.6 2011.8 2002.9 1989.9 1973.8 1958.1 1943 1929 1917.4 1907.6 1893.8 1883.8 1877.2 1869.4 1861.4 1853.9 1846.7 1840.4 1833.3 1827.5 1819.4 1811.2 1806.7 1801.5 1797.5 1793.1 1789
2472.5 2479 2484.8 2488.4 2492.2 2498 2504.9 2511.5 2516.3 2520.5 2523.8 2527.2 2532.7 2536.9 2543.7 2550.1 2556.1 2563.3 2566.8 2568 2573.6 2577.4 2578.1 2581.7 2586.9 2592.8 2595.9 2597.8 2598.3 2601.6 2607.9 2608.6 2613.8 2617.7 2621.8 2625.4 2625.2 2623.6 2618.2 2614 2617.4 2626.2 2643.5 2662.4 2677.2 2690.9 2682.2 2675.4 2685.2 2701.5 2696.9 2677.8 2663.1 2649.2 2640 2633.8 2628 2624.4 2618.8 2613 2606.1 2591.2 2565.3 2543.7 2526.3 2504.5 2490.7 2473.9 2457.7 2439.6 2408.5 2397.6
1545.6 1541.7 1539.1 1535.4 1531.7 1528.7 1526 1523.9 1521.3 1518.7 1516.1 1513.4 1508.1 1506.9 1505.1 1504.2 2282.9 2288.3 2293.9 2300.8 2306 2309.7 2313.2 2319.3 2325.3 2329.9 2336.1 2341.3 2347.1 2354.6 2361.6 2368.8 2375.1 2379.6 2384.7 2391.8 2398.6 2404.8 2410.4 2416.6 2422 2427.6 2432.2 2437.7 2443 2448.1 2453.8 2459.8 2465.8 2469.9 2475.2 2479.5 2483.1 2487.8 2494.9 2501.7 2508 2513.4 2516.2 2521.4 2526.8 2533.6 2542.2 2550.7 2556.2 2558.3 2560 2565.3 2569.5 2571.6 2574.1 2580.6
1692 1691.1 1689.4 1687.2 1682.5 1679.6 1678.7 1677.4 1674.3 1670.2 1667.3 1663 1660.4 1657 1655.2 1651.2 1647.1 1642 1637.4 1635.1 1632.4 1629.3 1625.4 1621.3 1618.3 1615 1609.4 1607 1605.1 1602.3 1599 1597.4 1596.7 1594.1 1590.6 1585.6 1584 1583 1580.3 1577.4 1575.1 1570.6 1566.6 1563.7 1560.8 1555.1 1550.7 1547.8 1544.4 1541.6 1538.4 1536.7 1532 1528.1 1527 1524 1521.6 1520.1 1517 1513.8 1511.2 1509.4 1506.4 1504.2 2277.6 2283.6 2289.6 2295.8 2300.3 2303.4 2308.5 2314.5
1892.6 1885.2 1876.5 1867.6 1859.8 1850.4 1842.6 1833.5 1828.3 1824.2 1817.8 1809.2 1805.5 1799.3 1794.4 1788.8 1784.1 1780.6 1779.7 1781.1 1781.2 1780.3 1779.6 1778.5 1775.2 1772 1769.7 1765.3 1761.5 1758.7 1755 1752.4 1747.2 1741.2 1734.9 1728.8 1723.7 1719.3 1714.1 1712.6 1711.6 1710.7 1706 1701.4 1698.3 1694.3 1692.4 1691 1690.4 1690.3 1689.1 1686.5 1681 1677.8 1676.3 1676 1673.1 1668.1 1666.4 1662.5 1659.8 1659.6 1659.3 1654.9 1648 1644.6 1638.6 1636.1 1631.4 1627.7 1625.3 1622
2621.1 2616.3 2610.1 2602 2586.2 2570.3 2547.6 2526.6 2505.7 2487.8 2468.1 2447.1 2428.6 2409.8 2392.6 2370.5 2352.4 2327.2 2307.4 2288.6 2270.2 2252.2 2234 2216.9 2198.9 2181.6 2165.2 2149.2 2130.5 2115.7 2100.9 2085.5 2071.9 2057.7 2044.6 2034.8 2026.7 2019.6 2009.2 1993.5 1980.3 1968.2 1957 1941.7 1926.9 1917.7 1910.5 1902.6 1894.4 1886.7 1878.4 1870.1 1861.4 1851.9 1842.8 1833.2 1828.5 1824.5 1818.6 1811.6 1808.7 1802.7 1795.9 1790.7 1785.9 1784.1 1783.8 1784.8 1785.4 1783.2 1781.6 1779.1
2484.5 2490.3 2498.6 2505.4 2513 2518.5 2522.4 2530.7 2537 2538.5 2544.4 2546.3 2550.6 2553.1 2555.4 2559.7 2569.9 2575.4 2573.6 2569 2571.6 2579.9 2586.2 2590.9 2596.2 2599.1 2600.3 2606.2 2614.4 2610.3 2606.9 2602.5 2601.9 2608.4 2617.1 2628.5 2639.8 2649.7 2656 2660.9 2660.3 2658.7 2654.7 2649.7 2643.8 2636.8 2631.8 2625.9 2619.5 2610.9 2605.1 2597.4 2582.1 2562.7 2544.3 2523.3 2501.6 2482.9 2464.3 2445.2 2426.1 2406.4 2387.1 2367.6 2348.7 2329.2 2309.5 2290.7 2271.5 2253.2 2235 2217.9
1525.9 1522.5 1520.8 1518.5 1513.9 1511 1506.4 1501 2267.2 2270.5 2275.8 2280.5 2285.2 2290.3 2294.7 2297.2 2302.4 2310.3 2317.3 2322.6 2328 2331.6 2337.2 2345.6 2353.6 2359.2 2366.3 2371.5 2375.3 2379 2381.7 2383.9 2389.3 2395.2 2401.4 2407.3 2412.9 2418.2 2424 2429.4 2436.6 2444.9 2452.6 2457.6 2461.7 2466.2 2471.6 2476.8 2477.2 2484.1 2490 2500 2504 2508.8 2515.5 2521 2529.2 2531.5 2537.1 2540.1 2545.8 2549.5 2554.7 2561.7 2563.2 2567.1 2566.4 2564.8 2569.2 2577.1 2582.1 2583.9
1664.9 1664.9 1664.1 1659.4 1657 1655.6 1652.9 1649.2 1645.7 1643.6 1641.5 1636.9 1634.8 1630 1624.5 1622.1 1619.4 1615.5 1612.3 1608.1 1605.7 1604 1603.1 1601.9 1600 1595.7 1592.3 1587.2 1585.3 1582.2 1581.8 1581.5 1578.9 1576.4 1572.8 1567.5 1564.5 1561.9 1558.9 1557.2 1554.3 1548.4 1543.6 1542.2 1538.9 1535.8 1530.5 1528.6 1525.2 1525.1 1523.3 1521.8 1515.7 1511.5 1506.8 1503.1 2263.1 2267.3 2271.8 2276 2280.4 2285.3 2288.3 2291.4 2299.2 2307.1 2312.5 2316.8 2321.6 2326.9 2334.1 2340.8
1836.6 1831.9 1827.4 1822.5 1815.9 1810.1 1805.7 1799.4 1794.2 1793.2 1793.3 1792.6 1790.7 1790.2 1787.8 1784.2 1781.1 1778.1 1776.1 1774.8 1774.3 1769 1763.9 1758.2 1753.4 1746 1738.7 1732.3 1724.2 1717.3 1711.1 1706.7 1703.2 1698.4 1694.2 1689.6 1685.3 1682.2 1682 1681.3 1682.5 1681.3 1680.1 1677.4 1674.1 1669.3 1666.2 1664.4 1663.1 1664.4 1663.1 1659 1653.9 1654 1650.4 1646.9 1643.7 1642 1639.3 1635 1632.4 1628.7 1626 1623.1 1619.4 1616.1 1613.8 1609.4 1606.8 1604.9 1603.4 1601.6
2506.7 2490.6 2468.7 2450.2 2432.3 2411.6 2394.9 2378.2 2357.2 2341.9 2327.5 2317.5 2301.1 2280.7 2263.8 2259.3 2238.3 2239.1 2233.8 2192.6 2190.8 2152.8 2121.6 2087.6 2064 2055.3 2042.4 2029.7 2024.4 2012.5 1995.8 1979.6 1967.3 1954.2 1943.7 1938.4 1933.1 1924.6 1913.9 1904.7 1896.5 1887.6 1880.2 1871.4 1864.2 1855.7 1849.4 1843.8 1838.3 1833.7 1830.3 1826.1 1819 1812.4 1808.1 1803.5 1798 1794.7 1795.7 1793.8 1791.4 1789.7 1788.1 1784.6 1782.4 1780.7 1778.5 1775.8 1775.1 1772 1765.9 1761.8
2513 2515.8 2519.2 2526 2532.6 2534.9 2538.9 2543.5 2547.4 2548 2551.3 2552.8 2555.8 2559.9 2568.4 2574 2577.4 2581.7 2584.7 2589.6 2589.6 2588.3 2590.9 2591.9 2595.3 2602.5 2609.5 2616.2 2622.1 2627.8 2632.9 2634.7 2634 2635.3 2632.6 2625.3 2619.3 2613.5 2608.5 2605.1 2601.4 2599.9 2595.8 2590 2582 2568.3 2547.2 2525.5 2505.6 2488.8 2474.1 2457 2434.4 2407 2387.7 2369.8 2352.5 2337.2 2322.3 2304.8 2290.3 2277.5 2261.8 2247.7 2235.9 2219.9 2210.6 2207.3 2179.8 2173.1 2147.4 2118.4
2250.2 2254.1 2258.5 2262 2265.3 2269.2 2273.9 2280 2287.1 2292.4 2296.6 2301.8 2306.7 2311.5 2318.1 2324.6 2331.2 2337.2 2340.9 2345.1 2348.8 2351.3 2353 2358.9 2363.5 2368.7 2376.1 2385.9 2394.4 2400.6 2406.6 2409.9 2417.7 2426 2430.3 2434.4 2437.7 2441.1 2446.7 2451.1 2461.4 2468.8 2473.9 2481.9 2491 2495 2497.9 2504.4 2508.4 2512.3 2515.3 2519.7 2524.9 2529.4 2536 2537 2540.7 2544.5 2544.2 2546.5 2550.5 2556.9 2562.7 2567.5 2570.5 2575.3 2577.9 2581.4 2583.8 2585.6 2585.8 2589.3
1638 1635.3 1633.5 1633.2 1633.5 1633.3 1629.6 1626.1 1622.2 1617.2 1614.3 1611.4 1606.4 1603 1598.6 1597.4 1597.7 1596.1 1592.7 1589.2 1587 1588.6 1588.5 1585.8 1583.1 1582.7 1584 1583 1576.8 1572.3 1567.3 1562.2 1556.7 1552.5 1550.1 1549.9 1548.6 1548.3 1545.3 1540.8 1703.4 1532.5 1525.5 1520.5 1518.1 1514.5 1511.1 1506.4 2244.9 2249.3 2253.8 2257.5 2260.3 2266 2272.3 2277.6 2283.2 2287.6 2290.7 2295.8 2300.5 2306.1 2312.6 2318.4 2325.5 2330.8 2334.3 2339 2342.9 2347.5 2350.9 2355.2
1806.7 1803.1 1801.7 1795.1 1789.3 1787.5 1785.5 1783.2 1781.6 1781 1781.3 1780.4 1780.1 1777 1770.3 1763.1 1756 1748 1740.2 1732.7 1725.4 1718.2 1710.7 1704.9 1698.5 1693.3 1687.2 1681.2 1676.4 1674.3 1674.6 1672.1 1670.1 1668.3 1666.4 1665.5 1663.8 1662.2 1662.4 1660.1 1657 1656 1654.2 1651.7 1649.8 1648 1645.9 1642.8 1638.8 1636.6 1636.3 1635.5 1632.3 1632.2 1631.4 1628.2 1622.7 1618.1 1615.1 1610.9 1608.4 1604.8 1601.2 1598.5 1597.1 1594.9 1593.6 1589.6 1587.8 1588.2 1589.8 1586.5
2346.8 2329.1 2311.4 2294.1 2276.8 2259.3 2242.2 2225.1 2207 2188.8 2170.9 2153.8 2135.8 2119.1 2100.4 2084.8 2065.4 2058 2039.3 2038.8 2016.5 1998.6 1983.6 1964.5 1945.7 1923.5 1920.5 1918.5 1916 1912.9 1908.1 1902.2 1895.2 1890.2 1883.7 1876 1868.3 1863 1858 1854.8 1850.4 1845.7 1840.1 1832.8 1827.2 1823.7 1818.4 1813.2 1808.7 1805.8 1805.9 1800.4 1791 1786.7 1784.8 1783.4 1782.7 1782.2 1781.3 1781.3 1781.7 1778.9 1772.1 1763.3 1756.3 1746.6 1737.4 1730.6 1722.5 1716.4 1709.8 1703.1
2521.4 2523 2525.2 2527.2 2535.1 2539.9 2544.7 2551.8 2552.3 2554.9 2561.2 2564.2 2568.1 2571.5 2581 2592.9 2603.2 2614.3 2625 2632.2 2641.3 2642.5 2638.9 2633.8 2630.2 2626.6 2622.2 2620.2 2614.8 2613.3 2605 2594.6 2589.7 2588.4 2587.7 2585.6 2582.6 2574.8 2555.5 2530.5 2509.8 2490.6 2470.1 2449.9 2430.8 2413.2 2386.8 2366.9 2349.2 2331.3 2314 2297.3 2280.8 2264 2245.7 2226.3 2208.2 2188.8 2171.1 2153.9 2135.6 2117.4 2099 2081.2 2063 2045.2 2027 2012.5 1999.6 1984 1974.1 1961.1
2273.7 2278.1 2282.2 2286.7 2290.6 2291.5 2293.9 2298 2305.2 2312.1 2317.6 2324.9 2333.2 2334.9 2335 2338.3 2341.7 2349.1 2355.5 2362.5 2368.9 2376.4 2381.3 2388.5 2394 2399.3 2401.6 2406.6 2411 2415.7 2424.6 2431.9 2435.9 2443 2454.9 2461.8 2464.4 2469.3 2476.1 2480.7 2483.6 2488.4 2494.5 2496.4 2500.5 2501.8 2506.7 2508.5 2512.6 2516.5 2519.2 2523 2527.9 2534.1 2540.4 2543 2544.6 2548.1 2555.2 2558.8 2563.3 2567 2577.9 2591.9 2605.1 2613.5 2620.1 2627 2635.3 2643.2 2640 2637.5
1627 1624.2 1620.7 1616.3 1613.7 1608.7 1606.4 1604.5 1603.5 1600.4 1598.4 1596.9 1593.4 1595.6 1596.9 1596.4 1593.7 1593.1 1591.4 1590 1584.9 1580.3 1575.7 1570.4 1565.9 1558.9 1552.6 1548.7 1547.1 1547.4 1546.6 1547.5 1544.3 1539.4 1534.8 1530.7 1523.9 1517.8 1513.3 1509.6 2225.7 2234.1 2239.7 2245.7 2251.4 2254.9 2259.3 2266.8 2271.6 2276.2 2280.4 2284.5 2287 2286.9 2289.7 2294.5 2302.3 2308 2315.6 2322 2326.2 2324.4 2326.4 2331 2337.7 2343.3 2349.9 2354.3 2361.6 2365.9 2370.8 2380.5
