EXAMPLES/UploadDEM/input_DEM.asc
ncols         200
nrows         288
xllcorner     496393.12873268
yllcorner     4172262.6693706
cellsize      30.0
NODATA_value  -9999
[rows 128 to 159 of 248, columns 0 to 71 of 200]
2997.9 2999.5 3001.1 2999.3 3000 3001.5 3003.3 3002.3 3002.3 3000.3 2999.3 2999.3 2996.4 2992.9 2992 2986.2 2980.7 2975.7 2971.5 2966.2 2961.5 2954.3 2949.8 2942.3 2935.2 2929.9 2924.2 2918.2 2915.4 2911.4 2906 2904 2902.5 2897 2892.1 2888.3 2876.6 2862.4 2846 2825.7 2805.7 2785.9 2769.7 2758.4 2752.1 2741.7 2729.9 2721.8 2713 2706.7 2701.1 2692.2 2673.9 2658.7 2643.1 2625.4 2606.3 2585.3 2564.6 2546 2527.5 2508.7 2489.7 2471 2454.1 2438.5 2423.8 2409.7 2394 2376.1 2359.8 2344.1
2726 2736.8 2747.7 2761.8 2773.7 2786.5 2795.2 2805.7 2819.3 2830.7 2841.5 2850.1 2861.6 2867.6 2877.2 2886 2895.3 2873.5 2860.1 2859.6 2866.4 2877.7 2891 2907.1 2926 2945.6 2951.4 2957.5 2962.6 2966.3 2970.6 2974.4 2982.6 2985.3 2985.8 2988 2991.2 2992.5 2992.8 2994 2997.4 2995.3 2994.1 2993.7 2995.2 2991.6 2990.4 2989.8 2991.8 2993 2993.3 2994 2994.4 2995 2995.4 2996.7 2997.5 2996.5 2994 2992.3 2991.7 2987.7 2984.7 2980.8 2975.7 2972.3 2964.9 2961.2 2954.4 2947.7 2941.8 2934.9
1777.1 1768.9 1762.1 1755.4 1749.1 1745.5 1741.3 1736.6 1732.1 1727.4 1723.1 1718 1713.2 1707.8 1700.3 1693.3 1684.7 1676.3 1668.2 1658.5 1648.3 1639.2 1628.3 1622.2 1616.4 1608.9 1573.3 1560.1 1548.1 1532.6 1520 1512.1 1502.1 1494.1 1486.2 1478 1471.8 1464.9 1457.6 1451 2624.6 2636.2 2650.2 2664.5 2677.3 2688.2 2700.2 2708.6 2717.3 2727.9 2741.9 2756.5 2768 2779.3 2788.6 2801.6 2814.6 2825.9 2835.2 2844.1 2850.3 2857 2868.9 2878.3 2886.9 2868.4 2856.3 2857.6 2867.6 2883.4 2899 2911.7
1960.7 1953.2 1949.4 1944 1940.9 1936.8 1933 1930.5 1925.6 1919.5 1914.9 1909.9 1906.8 1902.4 1900.2 1897.6 1894.6 1892 1885.2 1877.7 1869.3 1866.1 1862.2 1860.9 1857.5 1856.6 1855.1 1852.1 1852.2 1849.6 1848 1845.1 1843.1 1840.1 1835.6 1830.8 1828.4 1822.9 1823.8 1824.7 1820 1813.6 1809.3 1800.5 1789.5 1782.1 1777.7 1773.7 1767.4 1762.2 1758 1753.8 1750.9 1747.9 1741.4 1736.3 1732 1724.9 1719 1714.3 1709.3 1702.8 1695.7 1688.6 1680.3 1673.3 1664.8 1655.3 1645 1634.3 1625.3 1617.8
2582.6 2562 2542.1 2522.2 2501.5 2481.6 2462.1 2443.2 2424.3 2406.4 2390.8 2375 2361.5 2348.5 2335.7 2321.9 2310.4 2302.7 2294.6 2285.5 2274.3 2262.8 2254.2 2244.6 2233.2 2221.8 2210.8 2198.1 2184.6 2170.3 2154.9 2141.1 2127.7 2114.2 2101.3 2089.3 2076.4 2063.2 2052.2 2042.2 2032.8 2024.5 2015.7 2005.5 1993.1 1978.4 1968.3 1963.9 1959.7 1954.9 1948.9 1942.8 1938 1936 1931.6 1926.7 1923.4 1922.4 1917.6 1910.3 1905 1900.4 1896.5 1894.8 1891.8 1889.3 1883.9 1879.4 1869.9 1862 1855 1853.6
2975.6 2975.8 2976.5 2979.5 2979.7 2977.9 2974.4 2971.8 2964.7 2958.8 2951.1 2944.9 2940.1 2932.6 2927.7 2922.1 2915.6 2910.5 2907.3 2903.9 2901 2895.2 2886.6 2882.6 2878 2870.4 2862.4 2852.1 2841.2 2832.5 2817.4 2803.6 2785.3 2765.5 2745.5 2726.2 2707.2 2692.6 2686.7 2681.8 2674.8 2663.2 2649.3 2643.4 2635.2 2624.9 2611.2 2595.9 2578.2 2561.5 2541 2519.4 2498.6 2477.6 2457.1 2437.1 2416.9 2397.7 2380.5 2364.8 2350.5 2337.8 2326.2 2314.7 2303.3 2295 2288.5 2280.8 2270.1 2258.1 2249.3 2240.9
2786.3 2794.1 2803.4 2812.7 2822.5 2832.4 2841 2845.1 2850.1 2840.6 2840.9 2858.5 2882.3 2885.6 2890 2895.5 2902.6 2909.1 2908.4 2912.9 2918.6 2924.5 2932.7 2935.6 2938.4 2939.1 2943.6 2952.1 2956.2 2956 2959.9 2957.6 2959.8 2959.1 2960 2962.1 2962.4 2961.1 2963.5 2963.3 2962 2962.8 2962.4 2962.7 2964.9 2968.6 2968.5 2967.5 2969.5 2969.5 2970.3 2973 2975.5 2973.5 2969.4 2962.7 2955.6 2951.1 2944.9 2940.3 2935.6 2928.9 2923.5 2917.1 2911.5 2908.4 2903.8 2899.8 2896.3 2891.7 2886.6 2879.7
1728 1724.9 1720.6 1714.6 1704.3 1697.3 1687.7 1677.8 1670.5 1663.9 1656.7 1648.3 1638 1629 1619.7 1610.8 1602 1591.2 1581 1571.3 1561.2 1548 1534.3 1522.6 1510.7 1500.6 1491.3 1483.4 1475.5 1467.8 1464 1461.2 2601.5 2613.9 2624.5 2636.6 2645.1 2653.7 2665.2 2679.7 2692.8 2704.8 2718.4 2732.4 2743.1 2751.3 2760.8 2767.5 2776.2 2785.7 2794.8 2804.8 2814.8 2820.6 2828.5 2831.6 2839.3 2834.3 2836.4 2850.4 2868.5 2872.8 2877.4 2883.9 2889.9 2895.4 2895.5 2901.6 2909.5 2914.4 2923.8 2925
1915.4 1909 1904.8 1903.3 1900.2 1893.8 1884.3 1883.8 1879.6 1877.6 1870.8 1867.2 1867.4 1863.4 1856.7 1844 1840 1838 1835.5 1834.8 1832.1 1829.1 1828 1824.8 1822 1817.7 1811.2 1804 1802.4 1803.7 1803.3 1801.7 1800.6 1798.4 1792.6 1787.9 1784.2 1779 1768.3 1761 1750.1 1741.6 1735.8 1733 1730.3 1727.2 1726.9 1725.5 1722.6 1722.2 1717.8 1712.9 1705.8 1695.9 1685.5 1677.4 1670.2 1664.3 1657 1649.2 1640.2 1630.7 1622.2 1613 1605 1594 1584.5 1574 1563.6 1549.8 1537 1525.9
2407.7 2387.8 2369 2350.3 2331.8 2315.2 2301.9 2292.9 2285.8 2278.7 2273.1 2267.7 2259.7 2249.7 2239.6 2230.6 2218.3 2205.2 2192.1 2179.1 2164.6 2151.6 2140.2 2128.1 2117.1 2104.8 2093.7 2082.4 2068.5 2055.7 2044.4 2031.9 2020.1 2009.5 2000 1989.4 1980.2 1970 1958.5 1950.7 1945.2 1940.2 1935.6 1929.9 1924.6 1920.7 1914.8 1910.3 1909.8 1906.7 1901.9 1901.5 1897.9 1891.9 1885.5 1879.6 1874.4 1869.8 1869.6 1864.6 1862.7 1859.9 1854.6 1848.2 1839.9 1835.2 1831.8 1830.1 1827.8 1825 1822.1 1820.8
2937.6 2931.7 2928.7 2926 2922.3 2918.4 2914.1 2907.7 2901.4 2895.2 2894.1 2890.8 2885.6 2879.5 2873 2867.4 2861.2 2851.5 2838.9 2827.6 2816.4 2805.6 2794.9 2783.2 2766.9 2749.1 2731 2712.3 2692.8 2673.4 2654.3 2638 2629.8 2617.7 2607.9 2596.6 2586.9 2574.7 2563.8 2551.1 2537.2 2523.6 2509.7 2492.2 2473.9 2455.2 2434.5 2415.7 2397.5 2380 2361.5 2345.1 2329.4 2313.2 2298.7 2286.5 2278.4 2271.6 2265.6 2261.6 2253 2244.4 2235.7 2226.3 2215.5 2203.5 2190.4 2174.7 2161.5 2146.3 2134.1 2123.1
2807.3 2812.6 2820.5 2828 2834.3 2837.5 2845.7 2847.5 2849.2 2856.8 2860.1 2867.9 2873.2 2877.4 2884.4 2887.6 2892 2897 2902.9 2904.2 2907.9 2911.3 2915 2917.2 2921.1 2921.6 2925.3 2926.5 2925.5 2923.6 2923.7 2925.3 2927 2928.6 2929.7 2930.9 2931.8 2933.7 2939.6 2943.1 2946.4 2949.3 2953.3 2952.8 2951.8 2947.3 2942.6 2939.9 2932.5 2926.9 2923.9 2922.3 2920.2 2915.8 2910.6 2905.5 2898.5 2893.2 2889.9 2887.4 2881.3 2875 2868.7 2861.4 2855.7 2848.9 2836.2 2824.2 2812.3 2800.9 2789.1 2775
1671.7 1665.7 1656.5 1648 1641.1 1634 1627.4 1619.2 1612.5 1606 1600.2 1587.7 1572.3 1556.9 1542.5 1532.5 1520.6 1510.6 1501.5 1491 1485.8 1479.8 1472.2 1467.4 2577.1 2586.4 2594.7 2605.7 2617.4 2630.3 2643.8 2653.7 2662 2670.9 2680.4 2691.9 2703.8 2715.1 2727.5 2736.4 2744.9 2750.1 2755.4 2762.1 2770 2778.9 2786.6 2792.5 2796.8 2801.7 2809 2816.6 2821.3 2827.7 2833.5 2835.3 2837.8 2845.1 2848 2857.3 2860.4 2865.3 2869.4 2877.5 2882.9 2888.5 2891.4 2892.8 2896.4 2900.2 2901.7 2905.7
1867.2 1864.6 1859.5 1853.8 1850.9 1851.1 1850.2 1849.5 1844.1 1835.7 1829.6 1823.1 1818.9 1812.5 1805.4 1802.6 1798.3 1791.5 1786 1778.7 1777.4 1775.1 1778.6 1781.9 1784.2 1784 1775.2 1769 1764.6 1762.4 1761.5 1759.3 1750.1 1735.8 1727.1 1721 1714.7 1709.5 1706.9 1701.6 1700 1697.8 1696.4 1697.7 1694.4 1687.3 1682.7 1675.9 1668.9 1661.4 1654.5 1647.8 1640.4 1634.6 1629.7 1623.5 1617.1 1611.1 1601.7 1586.5 1571 1554.7 1540.9 1532.4 1524.8 1516.2 1505.3 1494 1486.5 1481.3 1477.3 1471.7
2266.5 2259.6 2250.8 2242.9 2235.7 2226.9 2219.7 2212 2201.2 2191 2181.3 2169 2155.3 2142.3 2129.9 2118.4 2107.9 2096.6 2086.3 2074.7 2064.5 2053.3 2040.7 2027.3 2015 2004 1994.4 1984.4 1978 1969 1954.4 1944.3 1937.3 1930.1 1924.1 1917 1910.9 1906.8 1902.2 1897.6 1893.2 1889.7 1885.7 1886.7 1884.6 1878.4 1871.8 1866.2 1861.8 1860 1856.3 1852.9 1852.3 1848.9 1846.4 1845.7 1843.1 1837.8 1829 1820.9 1812.4 1808.2 1798.7 1794.8 1792.3 1787.8 1780.9 1774.3 1769 1771.9 1773.4 1776.2
2885.1 2881.9 2876 2869.5 2864.5 2858.4 2851 2845.2 2840.9 2834.9 2827.5 2819.6 2810.1 2794.3 2778.5 2757.9 2740.6 2726.1 2714.9 2701 2681.3 2661.9 2642.2 2622.4 2603.7 2586 2569.2 2555 2546.5 2535.4 2524 2512.9 2500.5 2486.7 2472.2 2456.9 2438.1 2420.2 2403.8 2387.5 2372.4 2353.3 2334.3 2315.7 2297.8 2281.8 2270.1 2262.2 2257.7 2254.5 2246.8 2240.7 2233.9 2225 2217.8 2209.4 2200.1 2187.6 2177.2 2165.9 2153.1 2140.8 2130.1 2120.1 2109.8 2097.2 2084.8 2074.4 2063.3 2053.3 2040.5 2025.8
2806.4 2812.3 2819.1 2828.3 2835.2 2838.4 2842.6 2847.9 2849.3 2855 2859.7 2861.6 2866 2867.3 2868.8 2873.2 2877.7 2880.3 2882.1 2886.9 2887 2890.2 2889.9 2892.3 2894.5 2894.9 2898.6 2902.7 2907.8 2914.2 2918.4 2927.7 2938.3 2946.1 2946.3 2945.8 2956.6 2964.9 2966.7 2961.5 2951.7 2939.5 2926.7 2917 2908.9 2898.4 2892.5 2888.4 2881.6 2875.6 2871.5 2864.9 2858.6 2852.8 2848.1 2842.7 2836.7 2829.9 2822.6 2814.8 2806.3 2788.8 2774.5 2755 2736.8 2720.6 2707.6 2696.7 2680.2 2664.3 2646.8 2627.3
1618.2 1607.9 1594.3 1580.2 1568.1 1557.6 1546.2 1534.4 1523.5 1514.9 1507.4 1501.8 1495.2 1489.8 1483.1 1476.5 2546 2556.5 2567.4 2577.7 2588.6 2598.2 2606.7 2616.3 2625.6 2636.9 2650 2662.1 2674.3 2685.8 2694.3 2703.1 2712.6 2718.3 2724.8 2728.4 2729.9 2736.5 2741.9 2744.5 2750.2 2759.8 2765.4 2771.5 2776.4 2781.9 2788.2 2792.2 2797.4 2806.3 2814 2821.4 2825.6 2828.9 2833 2837.1 2841.8 2846.1 2851 2852.2 2856.9 2858.7 2859.3 2865.4 2868.7 2871 2873.7 2877.5 2879.8 2881.9 2883.9 2885.7
1827.3 1821.8 1816.8 1808.1 1803.7 1800.7 1793.3 1789.4 1783.7 1780.5 1777.9 1770.3 1762 1762 1762.5 1760.8 1761.7 1760.4 1756.8 1754.2 1749.9 1745 1742.8 1742.7 1740 1736.3 1728.4 1718 1706.7 1697.7 1694.1 1691.3 1688.4 1685.6 1681.3 1675.1 1669.7 1665.9 1661 1656.1 1651.2 1646.3 1640.7 1640.1 1636.3 1630.6 1627.1 1622.3 1614.1 1603.8 1587.2 1574.2 1563.5 1553.7 1542.4 1532.2 1521.9 1512.7 1506.5 1500.5 1496.3 1489.8 1480.8 1474.2 2537.6 2548.7 2558.6 2569.9 2580.4 2586.4 2596.9 2607.6
2187.8 2179.3 2169.8 2158.8 2148.3 2137 2127.5 2118.9 2106.3 2092.6 2081.8 2071.5 2063.6 2051.5 2038.2 2026.5 2016 2005.6 1994.4 1986.2 1975.8 1965.1 1953 1939.2 1929.8 1924.4 1917.9 1910.9 1905.1 1900.7 1898.4 1894.6 1888.3 1880.9 1877 1871.4 1864.1 1860.3 1860.3 1859.8 1857.4 1849.9 1842.9 1839.8 1835.6 1828.4 1826.7 1826.2 1822.4 1821.6 1815.8 1809.8 1801.9 1800 1797.1 1789.4 1782.5 1777.7 1774.6 1769.2 1759.7 1757.6 1758.2 1755.5 1757.2 1755.8 1753.2 1748.7 1745.8 1740.7 1739.9 1738.9
2822.3 2816.8 2810.9 2804.8 2799.3 2782.7 2765 2746.8 2729.4 2713.4 2697.6 2682.4 2666.1 2647.5 2629.5 2611.9 2593.9 2575.4 2556.1 2536.9 2517.7 2499.9 2483.3 2468.6 2458 2446.5 2434.3 2421.4 2402.7 2384.1 2369.4 2358.6 2344.3 2329.3 2311.8 2297.6 2284.9 2271.6 2260 2251.9 2241.8 2235.9 2230.1 2224.3 2218 2210.8 2203.3 2195.6 2186.1 2178.6 2167.2 2155.5 2145.8 2137.3 2128.8 2117.5 2106 2094.3 2083.1 2071.6 2059.1 2047.5 2036.3 2025 2014 2002.6 1990.4 1981.1 1969.5 1956.5 1948.7 1941.7
2818.2 2822.4 2826 2832 2839.9 2845.3 2850 2849.2 2849.2 2853.6 2855.7 2859.4 2863 2866.7 2866.8 2867.6 2868 2873 2875.5 2879.5 2882.8 2893.4 2910 2928.5 2934.4 2931 2925.7 2926 2941.1 2953.5 2965.2 2958.8 2943 2929.3 2915.6 2902.3 2888.7 2878.5 2870 2863.8 2859.1 2854.3 2848.7 2844.9 2839.8 2833.7 2827.2 2821.2 2817.3 2811.2 2805.8 2800.3 2795.3 2781.9 2766.1 2748.7 2730.2 2713.4 2697.4 2682 2664 2644.3 2626.4 2608.5 2590.9 2572.5 2554.1 2535.7 2516.8 2498.5 2480.8 2463.9
1514 1504.7 1498 1495.1 1491.7 1487.4 1481.2 1475.2 2515.6 2523.3 2531.4 2539.8 2548.3 2558.2 2569.8 2583.5 2595.9 2607.8 2617.9 2628.5 2637.3 2646.3 2657.3 2669.5 2677.5 2684.2 2686.1 2690.9 2692 2696.5 2699.9 2706.8 2716.9 2724.1 2729.6 2738.4 2745.9 2752.3 2756.1 2759.9 2767.1 2777.1 2780.2 2786.8 2789.7 2794.2 2799.7 2804.6 2810.5 2815.1 2821.7 2828.6 2836.6 2844.5 2848.1 2846.3 2847.8 2850.7 2854.2 2858.5 2862.9 2865 2864.9 2864.3 2862.1 2866 2868.4 2873.6 2877.2 2888.1 2904.5 2921.2
1767.1 1763.8 1759.8 1755.6 1752.2 1746.9 1746.1 1743.7 1742.4 1741.5 1737 1733.4 1732 1729.3 1721.9 1717 1711.9 1711.1 1708.1 1704.8 1701.6 1698.8 1696.1 1692.1 1685.4 1676.3 1669.5 1665.5 1663.4 1658.7 1654.1 1648.4 1639.3 1630.2 1624.8 1617.5 1614.6 1611 1608.1 1603 1597 1591.1 1584.7 1575.6 1564.5 1551.4 1540.3 1528 1515 1507.2 1503.7 1499.3 1494.8 1491.2 1485.6 1479.1 2505.5 2513.3 2522.7 2531.2 2540.2 2551.7 2564.9 2576.7 2589 2598 2607.7 2619.4 2628.8 2638.8 2651.1 2662.1
2103 2091 2080 2064.9 2051.6 2038.9 2028.4 2015.2 2000.1 1989.1 1982.7 1970.4 1955.9 1939.5 1927.2 1920.6 1917.9 1915.5 1912.6 1906.3 1895.2 1883.5 1870.4 1867.3 1871 1874.4 1865.7 1851.9 1846.8 1844 1841.6 1840.1 1838.2 1834.7 1829.4 1825.4 1821.5 1818.7 1808.9 1798.8 1795.1 1792.1 1789.6 1789.1 1780.4 1772.7 1768 1762.6 1759.9 1757.5 1753.4 1748.1 1746.2 1742.4 1742.8 1741.4 1739.8 1734.3 1728.7 1726.4 1727.1 1724.5 1717.2 1709.3 1706.6 1703.1 1701.1 1696 1695.4 1693.4 1692.3 1688.3
2734 2713.3 2695.8 2679.7 2664 2648.9 2630.1 2609.1 2589.5 2570.8 2553.2 2535 2516.8 2499.7 2482 2464.4 2446.7 2428.8 2410.9 2392.7 2375.6 2362.7 2349 2332.4 2318.8 2307.2 2294.6 2278.1 2262.5 2249.7 2237 2229.3 2223.1 2218.6 2211.8 2205.3 2196.4 2190.2 2184.8 2175.8 2169.1 2160.2 2151.8 2142.1 2132.5 2125.4 2118.8 2111.5 2100.7 2089.3 2076.4 2062.6 2049.4 2035.8 2021 2008.8 1995.8 1984.1 1971.1 1961 1949.2 1934.7 1922.1 1914.1 1910.6 1908.8 1908 1901.4 1887.5 1870.8 1858.2 1852.9
2850.1 2860.8 2866.8 2869.1 2867 2863 2857.2 2854.3 2853 2848.3 2847.8 2850.5 2856 2862 2871.4 2886.3 2901.9 2917.3 2931.5 2930.9 2932.7 2932.5 2933.5 2917.7 2903.1 2888.6 2875.2 2862.3 2849.8 2846.9 2847.4 2841.8 2835 2830.4 2823.5 2818.7 2812.4 2805.8 2801.6 2796.1 2789.8 2786 2784.1 2780.2 2777.4 2771.4 2762.8 2755.4 2734.2 2713.4 2695.4 2679.1 2663.4 2647.7 2631.3 2611.3 2592.7 2574.6 2556.9 2538.8 2521 2502.5 2485.4 2467.6 2450.2 2432.8 2413.8 2395.8 2377.9 2359.7 2343.7 2328.6
2479.5 2489.1 2499.9 2509.1 2519.9 2532.6 2543.6 2553.5 2565.2 2574.9 2583.2 2591.5 2600.1 2613.3 2624.5 2629.8 2637.7 2644.1 2648.3 2652.1 2656.4 2659.6 2665 2671.9 2683.3 2693.3 2703.2 2708.5 2714.1 2720.8 2727.9 2730.6 2735 2741 2751.3 2760.1 2763.7 2770.5 2778.6 2792.1 2797.6 2802.6 2811.5 2814 2818.2 2821 2832.6 2845.9 2859.2 2870.5 2878.2 2880.2 2877.4 2870.4 2863.3 2855.2 2849.4 2847.9 2844.3 2844.5 2848.9 2855 2863.6 2876.4 2893.4 2911.6 2921.6 2919.5 2913.5 2916.6 2923.7 2910.9
1725.8 1717.2 1716.3 1716.5 1711.7 1706.1 1702.8 1696.6 1690.2 1685.1 1683.2 1681.4 1682.7 1678.2 1677.5 1677.8 1674.7 1668.3 1666.7 1659.5 1652.8 1650.1 1642.6 1636.5 1633.5 1630 1626 1620.3 1616.3 1611.9 1607.9 1603 1598.9 1592 1586.4 1577.1 1569.9 1564.4 1557.3 1546.8 1536.7 1526.3 1516.6 1510.6 1506.3 1503.1 1497.1 1491 2471.3 2482.4 2492 2500.9 2512 2524.2 2534.8 2546.2 2558.4 2566.3 2575.3 2585.2 2594.4 2605 2615 2622.6 2628 2633.5 2637.5 2643.5 2648.3 2651.5 2657.3 2666.1
1982.9 1967.8 1954.6 1940.5 1925.2 1909 1896.7 1894 1885.7 1878.9 1879 1881.4 1884.8 1885.7 1881.2 1874.1 1866 1855.6 1842.9 1829.7 1820.4 1812.7 1806.1 1807 1802.5 1801.4 1798.4 1794.9 1791 1783.1 1780.6 1778.4 1775.4 1769.8 1761.2 1760.8 1757.1 1747.2 1745.8 1743.7 1738.3 1736.9 1735.3 1731.1 1728.3 1722.3 1722 1722.6 1718.6 1713.1 1708.3 1710.2 1707.8 1704 1697.2 1689.8 1682.9 1680.9 1678.6 1676.9 1675.8 1676.3 1669.1 1672.2 1669.5 1664.5 1661.9 1659.2 1654 1647.8 1640 1635
2604.7 2583.3 2562.2 2541.5 2521.2 2501.1 2482.6 2464.7 2447.2 2430.2 2414.7 2397.7 2379.8 2360.7 2341.4 2322.2 2304 2286.4 2269.7 2253.4 2238.7 2222.3 2208.4 2196.5 2190.8 2183.8 2182.9 2174.8 2170.1 2163.3 2155 2145.4 2139.1 2127.4 2121.9 2117.4 2108.7 2097.7 2088 2081.8 2076.2 2071.1 2064.4 2053 2039.1 2025.5 2012.7 1996.4 1980.7 1963.9 1949.1 1933.8 1919.6 1906.2 1893.5 1881.9 1878.2 1868.5 1862.4 1863.4 1864.5 1865.9 1863.4 1857 1850.6 1841.4 1829.9 1818.3 1808.1 1801.1 1793.6 1795
2844.7 2839.1 2837.1 2840 2849.3 2855.1 2863.5 2872.3 2885.5 2903 2903 2886.9 2894 2917.5 2926.6 2912.3 2894 2874.7 2855.9 2837.5 2826.6 2820.9 2817 2814.2 2811.6 2807.1 2802.9 2798.8 2795.1 2790.6 2784.1 2778 2773.5 2767.2 2761.7 2761.8 2758.9 2755.9 2754.7 2753.2 2743.4 2725.2 2708.9 2694.2 2677.6 2661.3 2645 2626.5 2606.1 2583.4 2560.4 2539 2518.3 2498.9 2479.6 2461.5 2443.5 2426.3 2410.7 2395.6 2378.8 2360.9 2342.5 2324.1 2305.4 2287.4 2270.2 2254.1 2237.7 2220.8 2204.9 2191.4
