EXAMPLES/UploadDEM/input_DEM.asc
ncols         200
nrows         288
xllcorner     496393.12873268
yllcorner     4172262.6693706
cellsize      30.0
NODATA_value  -9999
[rows 96 to 127 of 248, columns 0 to 71 of 200]
2809.2 2797.2 2784.8 2773.9 2761.1 2747.7 2734 2724.2 2710.4 2697.1 2684.1 2673.9 2661.4 2653.5 2644 2637.6 2631.1 2623 2611.9 2601.5 2590.9 2583.4 2575.1 2566.8 2556.4 2546.8 2534.8 2520.8 2508 2496.9 2484.6 2471.3 2453.2 2437.2 2421.2 2406.3 2389.9 2370.7 2353 2333.3 2315.8 2296.5 2279.7 2261.3 2244.7 2227 2209.1 2190.4 2171.1 2153.1 2137.2 2120.3 2106.1 2093.8 2080.5 2068.9 2063 2052.3 2043.4 2036.4 2032 2032 2027.5 2022 2013.8 2008.5 2004 2002.3 1996.2 1992.8 1991.9 1986.4
3160.7 3173.7 3186.7 3198.6 3210.4 3220.5 3228.8 3237.4 3245.5 3245.8 3245.4 3249.4 3257 3268.1 3281.9 3295.6 3305.4 3295.5 3281.9 3268.2 3256 3242 3222.9 3203.2 3182.5 3160.9 3136.9 3115.2 3095.2 3075.2 3055.9 3038.1 3028.2 3020.7 3005.7 2990.1 2973.6 2952 2936.5 2920.1 2904 2888.6 2878.1 2866.3 2853.3 2840.7 2828.1 2817.7 2810.3 2798.5 2786.7 2773.2 2757.4 2743.4 2733.2 2723.5 2710.8 2697.9 2687.4 2675.5 2662.2 2649.2 2637.4 2629.9 2625.4 2617.2 2609.9 2597.8 2586.1 2577.9 2568.7 2559.2
2851.2 2866.9 2882 2895.9 2909.8 2926.7 2944.5 2959.5 2974.6 2987.8 3000.4 3011.5 3020.8 3030.3 3036.2 3041.9 3046.2 3053.9 3059.8 3065.2 3070.8 3077.1 3064.3 3051.4 3041.3 3033.5 3028.4 3025.8 3025.7 3027.9 3032.5 3039.6 3049.2 3061.5 3076.8 3095.3 3115.8 3128.8 3130.8 3132.8 3136.4 3133.5 3134.4 3139.9 3137.3 3135.3 3135 3141.9 3147.3 3157 3168.7 3179.8 3190.8 3200 3208.1 3216.9 3225.2 3226.2 3228.8 3232.3 3240 3252.5 3266.2 3278.4 3287 3288.4 3269 3252.7 3239.7 3226.1 3210.9 3192.8
1852.9 1845.8 1836.2 1828.6 1820 1811.7 1803.6 1797.7 1790.9 1783.1 1777.7 1771.6 1765.5 1760.8 1756.5 1752 1746.4 1738.9 1727.1 1711.4 1693.8 1670.2 1651.6 1635.9 1623.2 1607.6 1593.8 1578.9 1564.7 1557 1552 1547.1 1542.7 1536.6 1526.8 1520.1 1519.5 1515.3 1500 1456.7 2733.8 2748.9 2764.9 2779.7 2793.5 2805.6 2818.1 2830.5 2846.3 2862.4 2874.7 2888 2904.3 2921.4 2937.4 2953.5 2969.7 2982.1 2994.4 3004.6 3015.1 3023.7 3032.1 3038.4 3044.1 3050 3056.1 3061.3 3065.1 3060 3051.1 3039.9
2035.7 2023.8 2017.7 2009.2 2002.6 1999.6 2001.1 1999.4 1997 1994.9 1991.9 1987.7 1983.3 1979.6 1974.1 1967.1 1964.5 1961.9 1957.6 1957.3 1954.1 1951.8 1947.2 1943.9 1938.7 1935 1932.4 1929.2 1925.5 1922.5 1918.6 1916.7 1915 1914 1911 1906.8 1903 1900.9 1898.4 1896.2 1894.5 1892 1888.2 1883.4 1877.9 1871.4 1864.9 1857.4 1850.1 1842 1835.2 1825.9 1815.9 1808.3 1800.3 1793.8 1788.2 1781.3 1776.5 1771.6 1766.4 1761.8 1756.5 1752.6 1748.3 1742.7 1730.9 1713.3 1694.9 1675.8 1654.1 1639.1
2710.1 2697.4 2685.1 2673.1 2658.4 2642.1 2627.2 2612.9 2603.8 2593.4 2584.2 2576.3 2564.7 2556.9 2547.7 2537 2525.4 2513.9 2503.7 2491.5 2477.5 2465.4 2451.8 2435.1 2416.6 2400.5 2383.8 2366.1 2346.8 2330.5 2314 2296.4 2282.1 2265.9 2248.6 2230.3 2211.1 2192.8 2175.3 2156.3 2139 2125.2 2109.3 2095.8 2083.9 2070.2 2055.3 2044.6 2034 2023.3 2010.4 2002 1996 1994.4 1992.6 1991.2 1992.1 1989.3 1986.6 1982.2 1978.4 1972.1 1967.7 1961.8 1959.5 1955.7 1952.5 1953 1949.5 1947.8 1944.9 1941.3
3164.6 3176.1 3181.5 3184.9 3191.7 3201.9 3210.8 3217.4 3220.9 3222.3 3220.2 3208.1 3191.9 3179.8 3167.9 3154.4 3139.1 3121.5 3104.2 3086.9 3069.3 3051.6 3034.8 3020 3009.8 3000 2986.7 2972.2 2956.8 2941.2 2928.2 2913.7 2899.1 2886 2871.9 2856.7 2842.8 2832.7 2822.8 2815.4 2806.7 2794.2 2780.8 2765.4 2751.5 2739.5 2728.4 2718.3 2707.5 2697.2 2682.6 2668.7 2656.3 2641.4 2625.1 2610.9 2596.3 2585.3 2574.9 2563.6 2555.1 2545.7 2538.5 2527.4 2515.6 2502.2 2490.3 2477.4 2464.7 2450.5 2437.1 2423.8
2943 2958.2 2973.6 2985.4 2996.8 3009.3 3020 3028.1 3032 3038.2 3045.5 3053.4 3043.9 3032.5 3019.4 3009.7 3003 2998.8 2996.8 2996.9 2998.9 3002.7 3008.3 3015.4 3023.8 3033.4 3043.9 3054.9 3066 3074.7 3081.9 3075.3 3073.1 3076.6 3077.6 3081.9 3085.9 3086.8 3092 3089.3 3090.1 3091.8 3097.5 3108.3 3114.9 3123.1 3128.8 3137.5 3146.9 3161.7 3168.1 3171.7 3174.4 3183.6 3191.9 3196.7 3199.7 3199.9 3198.4 3191.7 3176.3 3163.2 3152 3140.7 3127.9 3111.8 3092.8 3076.1 3059.1 3042.5 3030.3 3020.5
1784.6 1779.4 1773.8 1769.1 1764.2 1759.3 1755.5 1751.6 1746.7 1740.4 1734.9 1732.5 1726.2 1702.6 1675.8 1652.1 1634.8 1620.5 1604.7 1589.8 1577 1566.3 1558 1549.3 1539.9 1531.1 1521.7 1510.3 1495.6 1482.5 1470.7 1459.4 2716.9 2732.3 2746.9 2759.2 2769.2 2782.3 2796 2809.5 2820.6 2832.9 2847.4 2862.7 2878 2893.5 2904.1 2919.3 2937.5 2954.4 2967.2 2978 2992.4 3006.4 3015.2 3021.1 3027.1 3034.2 3043.9 3050.7 3034.9 3020.1 3008.8 3000.3 2994.4 2990.9 2989.5 2990.2 2992.8 2997.1 3002.9 3010.2
1975.7 1972.8 1967.2 1962.1 1959 1958.3 1953.8 1948.5 1946.6 1943.3 1942.1 1939.8 1934.4 1930.4 1925.9 1921.6 1918.5 1915.6 1915.7 1914 1912.3 1910.9 1913.9 1914.1 1914 1905.6 1902.8 1899.8 1895.4 1890.3 1886.9 1884.2 1881.9 1878 1876.6 1872.8 1868.9 1861.9 1855.8 1848.7 1840.4 1834.8 1828.9 1821.8 1814.6 1807.1 1798.8 1792.2 1785.5 1778.3 1773 1767.5 1762.8 1757.4 1753 1748.7 1744.9 1738.5 1729.6 1723.2 1718.3 1702.9 1681.8 1656 1635.9 1619.5 1603.5 1587.7 1573.4 1563.4 1554.6 1546.6
2593.3 2576.6 2557.8 2543.1 2529.7 2516.5 2505.7 2493.9 2482.4 2471.6 2456.7 2441.5 2424.3 2409.7 2395.9 2382.6 2368.4 2354.2 2341.4 2326.3 2310.7 2294.9 2280 2265.8 2249.7 2235.4 2222.2 2207.8 2189.7 2171.5 2152.6 2134.2 2118.2 2101.9 2086.6 2072.1 2058.3 2044.3 2031.7 2021.9 2011.8 2000.9 1992.4 1988.7 1986.2 1977.7 1974.1 1973.7 1970.9 1968.1 1962.2 1959.1 1956.1 1953.6 1949 1945.1 1942.4 1939.8 1937 1933.4 1929.9 1925.8 1920.6 1917.8 1913.8 1911.1 1910.1 1908.8 1905 1904.9 1908.3 1911.3
3138.4 3138.8 3134.8 3128 3120.5 3112.4 3104.8 3098.5 3093.7 3092.9 3081.7 3057.2 3038 3026.4 3016.8 3008.7 3001.1 2993.1 2983 2969.6 2954.5 2940.2 2927.6 2913.9 2898.5 2885.7 2871.3 2859.1 2847.6 2836.8 2830.3 2822.7 2806.7 2789.4 2773.9 2757.3 2743 2733.5 2721.3 2709.3 2698.2 2687.8 2673.8 2657.8 2642 2626.5 2611.5 2596.3 2581.6 2566.9 2551.7 2536.6 2523.9 2509.7 2497 2482.7 2470.4 2457.9 2446.5 2430 2415.5 2398.8 2383.3 2368.6 2354 2339.1 2327.4 2314 2298 2281.9 2267.4 2251.9
3012.8 3019.6 3029.8 3014.3 2999.3 2987.6 2978.9 2973 2969.7 2968.6 2969.6 2972.3 2976.7 2982.6 2989.8 2998.1 3007.5 3017.8 3029 3042.9 3056.9 3055.5 3050.3 3048.5 3047.4 3046.5 3049.9 3049.9 3051.2 3052.2 3053.1 3055.8 3057.7 3061.8 3068.1 3072.8 3077.5 3079.5 3086.5 3100 3111.4 3120.3 3120.3 3114.4 3111.6 3110.3 3112.3 3115.6 3115.4 3110.9 3111.6 3107.4 3101.4 3093.6 3086.1 3080 3073.2 3073.6 3069.7 3056.4 3037.3 3020.4 3007.4 2996.5 2986.3 2977.6 2966.5 2955 2942.7 2928.7 2918.5 2906.4
1739.7 1731.1 1720.6 1708.9 1696.7 1684.6 1671.4 1656.7 1636.8 1620.1 1603.6 1588.6 1573.3 1560.2 1547.5 1536 1527.9 1521.7 1514.4 1504.9 1495.5 1480 1467 1457.1 2697.5 2708.6 2722.1 2734.5 2745.1 2757.7 2769.3 2783.5 2796.3 2809.6 2825.5 2839.5 2854 2868.2 2880.6 2895.1 2911.1 2926.9 2940.3 2949.8 2963.5 2977 2989.1 3000.2 3008.5 3017 3025.9 3006.9 2988.3 2976.7 2969 2964.3 2962 2961.8 2963.6 2967.2 2972.3 2978.8 2986.5 2995.4 3005.4 3016.3 3028.1 3038.5 3047.8 3048.1 3045 3043.3
1936.8 1932.5 1929.9 1927.5 1925.4 1922 1918.3 1913.2 1908.7 1906.3 1905.4 1902.5 1894.6 1893.5 1893.1 1895.1 1897.6 1894.8 1889.1 1885.4 1881.6 1878.5 1874.7 1869.6 1867.4 1866.2 1862.4 1855.6 1851.7 1847.3 1840.5 1835.2 1830.6 1825.9 1817.8 1809.2 1801.7 1795.4 1790.5 1785.5 1780 1774.9 1768.6 1763 1758.7 1752.6 1747.9 1743.2 1736.7 1728.7 1717.4 1706.3 1694.5 1682 1668.9 1653.4 1636.5 1619.5 1604.5 1590.7 1577.6 1563.1 1549.6 1537 1526.6 1518.3 1511 1502 1490.5 1480.1 1470.1 1463
2438.3 2425.6 2411.4 2396.7 2380.4 2365.2 2350.2 2335.3 2320.6 2308.4 2293 2278.6 2266.8 2254.1 2238.7 2220.8 2205.7 2194 2182 2170.2 2158.4 2147.1 2133.6 2119.5 2104.6 2088.7 2073.8 2058.5 2045.2 2031.5 2020.5 2012.4 2002.4 1992.7 1986.8 1983.6 1982.2 1974.7 1976.2 1975.3 1971.5 1968.2 1964.2 1965.9 1963.3 1953.6 1944.8 1940.8 1937.2 1933.1 1929.8 1928.5 1923.9 1918 1915.4 1914 1909.5 1906.9 1901.4 1900.8 1896.2 1890.7 1889 1888 1891.5 1890.1 1885.2 1880.6 1876.5 1873 1870.3 1867.2
3018.6 3012.2 3012.7 3012.9 3012.2 3008.8 3003.9 2993.4 2981.2 2968.5 2956.1 2940.4 2928.4 2920 2907.2 2892.1 2878.2 2864 2851.2 2837.9 2825.3 2814.4 2803.6 2796.7 2790 2782.1 2772.1 2758.2 2742.5 2728.7 2714.6 2699.6 2686.1 2671.3 2655.6 2637.3 2617.5 2599.4 2583.2 2566.5 2549.1 2533.5 2516.4 2499.9 2486.4 2471.7 2455.9 2440.5 2425.8 2413.9 2401.6 2387.9 2374.5 2358.2 2340.5 2326.2 2312.1 2297.6 2283.1 2268.3 2254.5 2244 2230.7 2215.7 2199 2185 2173 2161.7 2150.5 2138.5 2126.1 2114.6
2941 2944.1 2948.8 2955 2962.4 2971.1 2980.7 2991.5 3003.8 3018.8 3030.9 3027.1 3028.2 3029.9 3032.2 3033.1 3035.8 3036.1 3037.8 3038 3037.8 3038.3 3040.8 3041.6 3044.3 3046.9 3050.1 3051.8 3054.6 3056.7 3060.5 3064.2 3067.4 3070.9 3070 3072.5 3072.4 3072.2 3068.6 3062.5 3056.3 3050 3043.5 3037.8 3031.2 3024.3 3017.3 3009.3 3005.1 3001.5 3001.7 3003.7 3001.9 2994.3 2993.5 2983.5 2970 2960.7 2952.7 2940.4 2927.8 2916.8 2905 2890.8 2875.9 2861.1 2849.2 2838 2827 2813.3 2802.6 2796.1
1632.1 1616.9 1601.8 1587.2 1573.3 1560.3 1547.4 1533.7 1522.5 1512.6 1499.9 1489.2 1481 1474.9 1465.3 1458 2675.3 2685 2697.4 2709.6 2726.8 2743 2755.7 2765.6 2778.7 2793.1 2806.7 2818.5 2831.9 2847.1 2860 2870.9 2885.2 2900.7 2915.1 2929.2 2942 2953.8 2966.9 2978.3 2968.8 2960.2 2950.7 2942.7 2936.9 2933.3 2931.9 2932.6 2935.1 2939.3 2945.1 2952.3 2960.7 2970.2 2980.4 2991.4 3003.3 3016.5 3025.7 3025.7 3027.2 3027 3028.3 3030.3 3032.2 3033.6 3034.7 3034.6 3035 3035 3034.7 3038.7
1899.4 1895.2 1894.2 1892.2 1888.5 1886.2 1880 1875 1873.6 1876 1874 1867.7 1862.6 1858.6 1855 1851.8 1849.4 1846.1 1841.8 1837.8 1833.5 1829.7 1825.6 1820.6 1815.5 1809.3 1803.8 1799 1793.9 1787.7 1781.4 1775 1769.2 1763 1757.4 1752.8 1748.1 1744.3 1738.6 1732.7 1725.6 1718.8 1708.6 1697.7 1686.5 1672.1 1659.8 1644.4 1629.2 1614 1598.1 1583.9 1571.1 1559 1546.6 1533.9 1522.2 1510 1501.7 1491.9 1482.2 1474.8 1466.4 1459.3 2673.5 2683.4 2697.2 2712.7 2727.8 2741.1 2752 2763.8
2287 2272.1 2259.2 2245.9 2233.1 2221.8 2212 2198.3 2183.6 2169.8 2158.8 2146.4 2133.9 2122 2110.3 2099.6 2087.4 2072.7 2058.7 2044.3 2030 2018.8 2008.2 1999.6 1992.6 1984.9 1976.9 1973 1970.6 1973.9 1971.9 1967.5 1963.8 1961.2 1958.8 1959.2 1956.5 1951.4 1952.5 1950.8 1948.4 1936 1924.1 1918.8 1912.6 1907.3 1902.9 1899.5 1896.2 1891.9 1890.9 1887.3 1885.7 1882.6 1878.9 1872.1 1868.6 1870 1869 1865 1860.8 1856 1851.6 1847.5 1844.6 1841.6 1838.1 1834.3 1828.5 1823.8 1821.6 1817.2
2944.1 2932.5 2924 2917.1 2907.1 2895.8 2890.3 2884 2872.3 2861.4 2848.9 2837.6 2822.5 2811.5 2799 2787.5 2781.5 2771.3 2760.2 2749.1 2736.2 2720.6 2703.1 2684 2664.7 2645.5 2624.9 2605.6 2586.5 2568.4 2549.2 2531.8 2513.9 2496.3 2479.2 2463.5 2450.2 2437.9 2425.3 2411.2 2398.1 2385.9 2371.7 2357 2340 2321.7 2304.1 2287.7 2274.1 2263.2 2251.4 2239.5 2228.8 2215.1 2204.1 2192.7 2181.1 2168.3 2157.3 2144.5 2132.4 2120 2106.8 2094.4 2083.6 2072.8 2057.8 2044.5 2031.5 2019.1 2009.2 1999.1
3015.5 3016.2 3016.7 3016.8 3019.3 3019.5 3021.4 3021.3 3021.4 3022.1 3023.5 3024.6 3024.9 3024.8 3022.9 3025 3027.9 3030 3032.1 3035 3036.5 3037.1 3037.8 3038.6 3038.3 3038.3 3039 3040.8 3041.8 3039.3 3036.4 3033.6 3031 3025.6 3020.5 3014.7 3010.1 3002.6 2996.3 2987.1 2978.8 2969 2963.8 2960.6 2956 2948.4 2943.9 2938.4 2935 2928.9 2920.7 2911.8 2907.7 2897.9 2886.5 2877.8 2869.7 2859 2845.3 2832.3 2820.1 2809.3 2798.5 2789.5 2778.1 2768.3 2755.8 2743.7 2730.8 2715.3 2696.4 2677
1512.1 1502.5 1493.9 1487.3 1480.6 1474.2 1470.1 1466.8 2683.1 2694.7 2705.4 2716.4 2726.2 2735.6 2743.5 2755.1 2768.6 2780.4 2791.5 2802.5 2814.9 2829.8 2844.5 2857 2870.7 2883.7 2896.4 2906.3 2911 2918.5 2928.8 2916.7 2906.3 2900.8 2898 2897.1 2897.9 2900.4 2904.5 2910.4 2917.9 2927.3 2938.4 2951.5 2966.7 2984.2 2999.3 3010.6 3013 3012.9 3013.1 3014.3 3016.1 3018.2 3019.3 3017.9 3018 3019.3 3021.3 3022.2 3021.5 3021.5 3021 3022.2 3025.6 3027.3 3028.3 3030.6 3032.7 3034 3035 3035.2
1861.2 1858.8 1857.8 1852 1848.5 1844.5 1840.5 1834.7 1831.4 1828 1824.2 1819.7 1814.3 1810 1804.3 1800.2 1795 1790.3 1786.7 1784.9 1782.7 1776.8 1770.2 1764.8 1758.8 1753.2 1747.7 1741.8 1736.9 1731.3 1723.9 1716.9 1709.9 1702 1693.8 1684.3 1674.1 1662.2 1648.5 1634.2 1618.1 1601.3 1586.9 1573 1559.7 1547.1 1534.6 1523.2 1512.4 1502.7 1494.5 1486 1480.9 1476.2 1472.2 1467 2675.3 2688.6 2700.1 2708.9 2721 2731.6 2742.4 2754.2 2767 2775.4 2786.7 2796.8 2811.1 2823.6 2836.3 2849.9
2160.8 2150.5 2139.8 2129.7 2119.5 2105 2091.4 2077.4 2065.1 2055.4 2044.7 2028.9 2018.6 2009.6 2004 1997 1988.7 1981 1974.2 1968.5 1963.4 1959.6 1953.9 1945.6 1938.8 1938.3 1940.3 1938.1 1935.6 1933.3 1931.2 1930.9 1926.5 1924.3 1919.8 1913.4 1909.2 1905.6 1902.8 1896.8 1890.9 1887.6 1884 1880.2 1873.8 1868.7 1865.5 1861 1858 1854.3 1854.1 1848.9 1845.4 1841.9 1837.6 1831.8 1825.9 1822.3 1818.9 1814.8 1809.7 1803.8 1801 1795.4 1790 1784.8 1781.6 1780.7 1778 1773.5 1768.7 1763.1
2851.9 2841.4 2829.1 2813.9 2804.2 2793.7 2783.9 2775.2 2764.3 2751.2 2738.9 2724.5 2710.3 2693.6 2672.7 2653.8 2635.3 2616.3 2595.4 2576.8 2557.5 2539.1 2519.8 2501.3 2483.4 2466.8 2451.2 2434.9 2421.5 2407.1 2392.1 2377.6 2363.2 2350.1 2337.7 2324.9 2311.2 2295.3 2278.5 2260.8 2245.1 2230.9 2215.3 2199.9 2189.3 2183.1 2173.8 2164 2155.9 2147.3 2136 2125.8 2114.6 2100.9 2086.6 2073.6 2060.9 2049 2039.2 2027.2 2014.2 2006.2 2002.5 1997.1 1989.8 1982.5 1975 1966.4 1960.4 1955.6 1950.5 1942.1
3012 3013.4 3014.4 3013.8 3012.1 3011.6 3014.5 3013 3011.5 3012.4 3015.8 3017.2 3020.3 3021.1 3020.8 3023 3023.3 3023.4 3021.7 3019.6 3016.3 3011.7 3009.9 3006.5 3003.3 2998.2 2994.5 2992.8 2987.7 2982.6 2976.5 2968.5 2959.1 2948 2941.3 2935.8 2930.7 2927.3 2925 2920.5 2915.7 2910.2 2904.4 2893.9 2884.3 2873.4 2861 2850.3 2840.6 2831.5 2820.3 2806.8 2796.2 2784.3 2774.6 2764.7 2755.8 2743.4 2731.1 2716.6 2704.8 2687.9 2669.8 2651.4 2632.7 2615.4 2594.9 2574 2554.2 2535 2516.5 2497.8
2650.2 2663.6 2674.6 2687.6 2701.6 2715.9 2728.8 2741.7 2753 2763.4 2773.4 2786 2798 2811.4 2823.7 2834.8 2846.2 2855.1 2864.9 2876 2885.7 2896.4 2904.6 2914.7 2896.7 2881.3 2874.6 2873.4 2876.1 2881.7 2889.7 2900 2912.4 2926.7 2942.8 2960.8 2977.9 2992.1 2996.4 2999 2998.3 2998.7 3001.7 3007 3009.2 3008 3009.1 3010 3009.9 3010.3 3009.8 3009.9 3009.2 3006.8 3009.3 3009.4 3008.6 3008.3 3011.7 3012.7 3017.5 3018.8 3017.8 3018.6 3019 3018.6 3017.4 3015.9 3012.7 3007.8 3005.5 3003.1
1824.2 1818.2 1813.1 1804 1798.1 1791.9 1788.6 1782.4 1777.9 1772.8 1768.2 1766.4 1763.2 1762 1759.4 1754 1749.9 1743.1 1738.2 1731.4 1723.4 1718 1711 1703.5 1695.7 1688.3 1680.2 1670.9 1661.4 1652.7 1650.8 1651.2 1634.9 1614.4 1593.1 1569.4 1551.2 1539.3 1526.8 1514.2 1501.6 1491.3 1484.5 1478.6 1473.5 1470.4 1464.3 1455.8 2646.4 2662.2 2672.8 2686.2 2700 2712.4 2726 2737 2746.9 2757.9 2770.1 2781.7 2793.2 2806.4 2818.2 2830.7 2840.4 2851 2861.3 2873 2881.8 2893.2 2897.8 2908
2048.2 2035.2 2023.2 2016.4 2007.6 2000.4 1994.8 1989.5 1982.8 1974.2 1967.4 1962.5 1952.1 1945.9 1939.4 1934.5 1930 1927.8 1925.6 1923.1 1919.6 1914.7 1910.8 1908.5 1906.3 1904.2 1899.5 1895.4 1891.6 1890.1 1884.5 1880.9 1877.6 1872.7 1868 1865 1865.1 1861.5 1857.1 1856 1853.7 1851.7 1849.3 1843.3 1840.2 1837.2 1836 1829.1 1821.2 1815.8 1812.6 1808.9 1801.4 1795.7 1789.9 1781.9 1776.3 1771 1766.1 1763.8 1760.8 1757.7 1753.5 1747.9 1744.5 1740.5 1734.8 1728.2 1720.9 1715.4 1709.8 1703.1
2724.3 2717.6 2710.4 2697 2682.9 2666.9 2651 2632.1 2612.8 2593.3 2573.5 2554.3 2536.6 2517.2 2497.9 2482.3 2466.6 2449.2 2432.7 2414.3 2397.1 2379.3 2364.1 2351.9 2337.4 2322.6 2308.5 2294.8 2282.5 2272.6 2259.1 2245.4 2233.3 2222.5 2211.4 2198.8 2186.3 2174.7 2162.6 2149.4 2137.6 2127.7 2115.2 2103.1 2090.9 2080.1 2068.1 2056 2043.6 2031.1 2020 2013.2 2007.2 1998.6 1992.1 1985.5 1977.3 1971.1 1963.5 1957.3 1950.9 1943.8 1936.9 1932.7 1927.7 1925.4 1921.6 1917.5 1917.2 1917 1912.2 1907.4
