EXAMPLES/UploadDEM/input_DEM.asc
ncols         200
nrows         288
xllcorner     496393.12873268
yllcorner     4172262.6693706
cellsize      30.0
NODATA_value  -9999
[rows 96 to 127 of 248, columns 72 to 143 of 200]
1982.5 1978.5 1978.3 1975.6 1973.8 1971 1965.7 1959.4 1954.1 1949 1944.1 1940.4 1937.6 1935.5 1929.9 1923.1 1921 1917.4 1917.6 1918.3 1916.4 1913.6 1909.1 1906.1 1901.3 1895.8 1893.1 1890 1885.5 1879.9 1873.2 1868.7 1861.7 1855.1 1848.2 1839.2 1830.9 1819 1809.9 1801.5 1793.2 1786.3 1781.2 1775.9 1770.3 1765.1 1761.5 1756.1 1749.5 1742.8 1732.1 1714.3 1694.3 1677.9 1659.4 1644.9 1627.4 1608.4 1590.6 1576 1566.8 1560.5 1555.5 1550.1 1544.5 1536.1 1535.5 1535.2 1530.9 1500.3 1481.8 1459.5
2550 2540.4 2527.7 2513.3 2497.4 2483.3 2469.9 2460.6 2447.7 2427.7 2410.2 2394.7 2378.4 2362.4 2344.5 2325.7 2306.3 2286.4 2267.5 2250.8 2232.6 2214.7 2199.2 2183.6 2166.2 2149.4 2132.2 2114.1 2097.1 2083.3 2071.1 2059.7 2049.5 2042.2 2033.4 2024.9 2019.7 2021 2022.5 2015 2007.8 2003.1 2000 1995.7 1991.8 1987.4 1984.8 1981.8 1976.8 1972.6 1970.6 1966.7 1966.3 1964.5 1961 1955.5 1949.3 1944.4 1940 1935.1 1931.5 1930 1924.8 1920.6 1918.9 1915.8 1913.9 1913.1 1911.4 1909.5 1905.4 1904.2
3174.9 3155.5 3135.2 3116.2 3095.8 3077.1 3060.1 3041.1 3024.8 3013.1 2998.6 2983.9 2967.7 2947.6 2927.8 2911.8 2897.8 2886.3 2872.5 2860.5 2848.2 2836.5 2823.1 2812.1 2803.6 2795.3 2783.5 2769.4 2755.1 2742 2727.9 2719.5 2711.6 2701.3 2688.9 2675.4 2663.3 2650.4 2635.9 2623.9 2616.5 2609.1 2602.3 2592.2 2582.3 2571.1 2561.1 2553.2 2543.7 2533.3 2521.2 2508.7 2492.2 2477 2460.7 2446.6 2434.7 2419.2 2400.8 2383.2 2367.1 2350.7 2334 2316.8 2297.3 2278.8 2259.3 2240.5 2224.7 2206.2 2187.6 2171.7
3031 3024.4 3020.1 3018.3 3018.7 3021.4 3026.2 3033.3 3042.5 3053.9 3067.3 3082.2 3097 3109.1 3115.1 3117.7 3118.9 3116.3 3120.8 3121.5 3121.3 3121.1 3123.6 3129.4 3132.3 3140.2 3151 3160.5 3170.4 3179.2 3187.2 3196.5 3205 3207.1 3211.6 3215.5 3224.1 3237.5 3249.1 3258.6 3265.5 3267 3260.9 3236.6 3224.1 3210.8 3196 3179.9 3162.6 3145.4 3125.8 3107 3088.1 3069.3 3052.8 3041.5 3027.4 3009.8 2990.1 2971.8 2958.6 2942.1 2924.1 2908.8 2896.5 2884.9 2872.7 2860.1 2847.5 2831.9 2821.8 2810
1621 1609.6 1595.1 1582.1 1569.2 1561.1 1553.6 1547.7 1542.6 1536.4 1526.9 1515.2 1505.2 1503.3 1495.8 1461.7 2727.4 2743.2 2758.6 2773 2782.3 2796.4 2810.4 2826.6 2841.4 2855.2 2869.6 2884.8 2899.4 2916 2931.4 2947.5 2960 2973.5 2987.4 2998.3 3009.6 3015.9 3026.1 3033.5 3040.7 3046.4 3051.9 3058.7 3062.9 3051.1 3039 3029.1 3021.2 3015.5 3012.1 3010.9 3011.9 3014.9 3020 3027.1 3035.9 3046.5 3058.3 3071 3083.6 3095.1 3101.2 3102.4 3102.4 3100.2 3105.8 3108.4 3107.7 3113.1 3114.6 3118.6
1935.8 1932 1929.9 1926.3 1923.3 1923 1918 1915.9 1915.2 1914.4 1912 1907.7 1901.9 1897.9 1894.6 1893.8 1892.1 1888.9 1888.2 1883.6 1878.7 1871.7 1865.2 1856.8 1849.8 1839.8 1832 1824.6 1816.5 1805.8 1797.3 1792.3 1786.5 1781.9 1776.6 1771.6 1766.6 1762.6 1758 1752.6 1748.5 1744 1738.8 1724.6 1703.5 1677.3 1659.7 1642.2 1628.1 1613.9 1602.1 1588.4 1575.1 1563.8 1553.3 1546.7 1540 1534.4 1526.7 1514.2 1498.6 1490.4 1479.9 1453.8 2724.7 2739.1 2752.6 2765.3 2777.5 2793.5 2806.4 2818.3
2410.4 2393.3 2377.2 2359.7 2340.4 2323.8 2307.9 2289.8 2272.2 2258.9 2241 2222.3 2204.3 2186 2166.9 2149.7 2133.4 2116.3 2103.6 2089.3 2074.7 2063.1 2049.9 2036.5 2024.7 2017.2 2009.2 1996.4 1990 1987.7 1987.9 1986.3 1986.4 1986 1979.7 1974.5 1971.8 1967.4 1961.7 1958 1954.2 1950 1947.3 1947.8 1944 1943.1 1940.6 1937.2 1931.6 1928.5 1926.5 1925.1 1921.9 1918.7 1916.6 1916.9 1916 1914 1909.3 1904.5 1898.8 1894.1 1892.8 1890.7 1888.9 1886.7 1884.9 1882.5 1876.3 1870.1 1863.1 1857.1
3011.1 3001.3 2992.5 2978 2962.7 2946.1 2930.4 2917.1 2905.1 2890.8 2875 2860.7 2847.2 2834.4 2823.5 2814.2 2805.7 2795.5 2784.3 2768.5 2753.6 2738.3 2725.7 2713.8 2702.4 2689.9 2677.3 2669.5 2656.1 2639.1 2624.3 2610.9 2595.8 2580.5 2568.9 2557 2545.1 2535.6 2525.5 2518 2504.5 2491.3 2477.2 2464 2450.6 2436.1 2422.6 2408.1 2396.3 2385.2 2368.1 2352.1 2335.9 2319.9 2302 2284 2266.7 2250.6 2235.4 2217.2 2197.8 2179.1 2161.7 2144.1 2126.8 2109.1 2093.2 2081.1 2065.7 2051.6 2042.2 2029.6
3018.6 3028.1 3038.5 3050 3064.2 3078.2 3072.2 3066.5 3064.2 3064.6 3065.9 3071 3076.4 3077 3076.8 3074 3079.9 3082.8 3088.8 3096.1 3103.5 3110.6 3112.8 3121.8 3135.3 3148.5 3158.1 3160.2 3158.5 3165.5 3171.3 3176.3 3179.3 3178.6 3177.3 3172 3161.1 3147.7 3136.9 3128.7 3119.9 3104.4 3083.8 3066 3051.1 3037.4 3028.8 3021.8 3013.1 3002.7 2993.4 2981.8 2965.9 2951.6 2934 2920.2 2906.8 2893.6 2878.6 2864.2 2851.5 2836.2 2824.3 2815.2 2805.8 2797.3 2787 2770.3 2754.6 2735.8 2719.9 2709.7
1538 1530.9 1520.4 1508.7 1495.6 1481.8 1468.4 1454.3 2718.6 2731.1 2741.8 2749 2760.1 2773.1 2785 2798.8 2812.6 2825.4 2840.7 2856.9 2869.6 2882.2 2897.5 2915.4 2933.5 2947.2 2957.7 2972.6 2985.9 2998.1 3008.2 3016.6 3022.5 3031.8 3040.3 3043.5 3027.6 3010.2 2998.8 2991 2985.9 2983.2 2982.6 2983.9 2987 2991.8 2998 3005.5 3014.1 3023.7 3034.1 3045.3 3058 3068.3 3063.4 3057.9 3057.6 3056.6 3057.6 3060.4 3066.1 3063.8 3061.1 3065.8 3071.1 3074.7 3081.3 3086.2 3092.7 3096.9 3100.2 3117.4
1910.5 1903.1 1900 1897.1 1893.8 1889.7 1885.1 1882.2 1878.8 1875.9 1871.7 1869.5 1864.3 1858.7 1852.6 1844.8 1837.9 1831.1 1825.5 1818.6 1812.1 1804.9 1798.7 1793.1 1786.5 1778.6 1772.2 1765.4 1760.8 1756.9 1753.2 1748.9 1743.1 1736 1725.8 1715.2 1706.7 1697.1 1681 1657.4 1637 1618.8 1601.7 1586.3 1570.6 1558.6 1549.4 1542.7 1535.6 1528.4 1519.5 1506.9 1494.5 1482.2 1466 1454 2709.3 2718.2 2731.4 2744.1 2757.3 2768.7 2781.2 2793.8 2806.7 2822.3 2836.4 2849.6 2863.2 2877.3 2893.2 2909.8
2237.1 2222.6 2210.5 2200.3 2186.1 2168.5 2153.2 2133.1 2115.2 2097.8 2082.5 2068.6 2053.9 2042.1 2031.5 2021 2011.3 2003.6 1994.3 1987.9 1984.9 1980.9 1975.4 1972.2 1966.2 1962.8 1959.1 1956 1953.1 1949.2 1945.4 1942.2 1939.3 1936.9 1935 1930.4 1925.6 1922.2 1918.9 1916.9 1914.9 1910.5 1905.7 1903.6 1901.5 1900.3 1902.8 1908.9 1907.4 1900.4 1897.4 1893.7 1891 1887.2 1883.8 1878.9 1875.5 1872.3 1868.8 1864.4 1859 1854 1849.2 1841.6 1834 1826.5 1820.4 1815.1 1809.4 1803.9 1796.6 1790.3
2890.3 2876.7 2865.1 2852.6 2841.5 2832.2 2823.1 2813.3 2800.9 2785.3 2770.3 2754.6 2741.1 2731 2719 2706.9 2695 2683.3 2670.6 2655.4 2637.1 2620.6 2606.5 2590 2573.7 2558.9 2543.9 2528.2 2514.9 2499.4 2486.1 2474.1 2459.8 2446.1 2431.9 2417.6 2402.6 2388.9 2373.1 2357.8 2342.5 2327.3 2314.2 2301.5 2288.1 2271.6 2255.1 2240.4 2224.5 2210.8 2199.3 2187.2 2176.3 2160.3 2144.7 2127.6 2109.8 2094 2078.1 2064.4 2052.7 2039.3 2028.6 2021.4 2012.2 2001.3 1994.1 1988.6 1983.5 1980.7 1973.7 1969.5
3042.6 3044.2 3047.3 3048.2 3049.4 3049.7 3051.3 3053.4 3053.5 3058.9 3062.9 3068.2 3071.3 3073.1 3076.9 3085.7 3094.3 3103.8 3107.1 3103.2 3101.1 3097.5 3095.1 3097.9 3095.1 3092.3 3088.7 3086.2 3084.5 3076.1 3067.8 3060.3 3053 3050.8 3047.4 3043.6 3032.6 3019.2 3005 2996 2984.8 2971.3 2957.2 2945.7 2936.2 2924.3 2910.7 2899.5 2886.8 2874.4 2861.8 2849.1 2837.1 2826 2814.6 2805.4 2796.8 2784.2 2769.4 2755.5 2743.9 2732.5 2720 2708.3 2694.7 2680 2665.3 2650 2633.5 2615.3 2598.7 2582.8
2690.9 2701.7 2714.9 2725.1 2737.3 2751.5 2763.6 2777.1 2790.1 2805.9 2819.4 2834.1 2849.6 2863.5 2877.7 2894 2906.4 2918.6 2930.8 2941.7 2955.2 2969.5 2983.1 2994 3003.1 3009.8 3002.4 2990.4 2975.8 2965.8 2959.3 2955.8 2954.6 2955.4 2958.1 2962.5 2968.3 2975.5 2983.9 2993.5 3004.1 3015.8 3029.3 3041.4 3038.9 3038.4 3038 3038.4 3039.7 3041.7 3043.8 3045.4 3046.2 3047.2 3048.4 3048.7 3049.3 3055.4 3056.7 3061.1 3064.8 3065.7 3068.8 3074.1 3081.2 3090 3093.7 3091.1 3091.1 3088.7 3084.1 3080.9
1862.5 1858.1 1856.9 1852.2 1849.1 1844.5 1838.4 1832.8 1826.8 1820.3 1813.7 1806.9 1798.9 1792.3 1787.5 1782.5 1776.5 1770.4 1765.8 1759.4 1754.3 1749.7 1745.1 1739.3 1732.9 1724.9 1714 1703.3 1692 1679.3 1665.5 1651.4 1636 1619.8 1604.3 1588.9 1575.4 1561.4 1547.5 1535.9 1523.9 1515.6 1507.6 1498.9 1490.8 1479 1468 1460.6 2684.4 2696.4 2709.1 2721 2732.8 2745.2 2757.6 2771.5 2786.4 2801.4 2816.7 2831.9 2843.9 2858.2 2874.1 2887.4 2897.6 2911.2 2924.6 2938.5 2951.4 2963.9 2976.4 2988.9
2100.9 2086.5 2071.6 2056.7 2042.7 2029.1 2017.9 2009 2000.3 1993.7 1987 1983.6 1981.2 1974.6 1973.3 1972.1 1968.5 1966 1965.1 1964.8 1964.6 1962.7 1950.8 1940.8 1936.8 1932.2 1926.2 1923.3 1919.9 1914.6 1911.5 1909.7 1907.1 1903.3 1899.9 1897.4 1895.6 1889.1 1885.5 1882 1886.8 1884.5 1881.6 1875.3 1870.7 1867.7 1865.5 1863 1859.6 1854.4 1850.9 1849.7 1845.9 1840.8 1836.2 1830.5 1824.3 1816.5 1809.8 1803.5 1798 1791.6 1784.6 1779.2 1773.3 1767.1 1762.1 1756.8 1752.2 1747.1 1743.1 1736.7
2789.2 2780.2 2769.4 2756 2741.2 2725.8 2710 2695.3 2680.1 2663.6 2646.4 2630 2611.5 2592.9 2575.2 2558.5 2542.3 2524.2 2507.5 2491 2474.9 2461.2 2446.1 2431.6 2415.7 2402.4 2389.7 2377.5 2364.3 2348.3 2333.8 2317.1 2303.3 2289.4 2274.2 2260.7 2246.6 2233.2 2220.6 2207.7 2192.6 2178.6 2164.6 2153.2 2141 2130.6 2119.1 2107.2 2095.3 2081.1 2067.2 2051.9 2038.8 2027.6 2015.7 2006.5 1998 1990.2 1983.4 1979.5 1978 1974.5 1972.8 1971.2 1968.6 1967.2 1966.3 1965.5 1965.3 1962 1958.7 1947.4
3041.1 3043.5 3044.8 3045.6 3048.7 3053 3055.2 3057.4 3057.8 3059.8 3060.5 3065.1 3063.6 3064.8 3061.9 3055.2 3049.2 3041.9 3034 3028.7 3022.5 3016 3009.6 3002 2995.4 2991.6 2991.5 2992.5 2989.9 2982.6 2982.9 2971.3 2962.4 2951.5 2943.2 2936.2 2927.4 2912.5 2897.7 2885 2872.5 2860.6 2850 2838.6 2826.4 2814.6 2803.1 2795.6 2787.1 2777.7 2765.7 2753.8 2739.6 2724.7 2708.2 2691.3 2675.3 2658.9 2641.4 2622.5 2603.2 2584.6 2566.8 2549.5 2533.1 2516.8 2499.7 2483.2 2468.6 2453.7 2438.2 2422.6
2777.8 2792.2 2803.6 2817.5 2829.3 2841.2 2853.4 2867.1 2882.9 2898.4 2912.9 2925.9 2939.5 2950.5 2960.4 2953 2946.6 2939.5 2933.5 2928.6 2925.3 2923.7 2923.9 2925.9 2929.7 2935.2 2942.2 2950.5 2960.1 2970.6 2981.6 2993.1 3004.7 3015.1 3023.8 3024.8 3025.8 3026.1 3024.6 3027 3028.8 3030.5 3030.4 3031.4 3031.6 3032.1 3030.7 3039.8 3042.5 3039.3 3038.4 3039 3041.7 3045.1 3048.5 3046.9 3049.9 3050.8 3051.6 3055.5 3058 3056.7 3053.6 3048.3 3042.4 3036.5 3030.1 3023 3017.3 3010 3001.8 2995.2
1810.9 1805.4 1800.3 1797.1 1793 1787.3 1781.4 1776 1768.6 1762.7 1757.9 1751.2 1745.3 1738.6 1734.2 1728.8 1721.6 1714.3 1704.7 1693.2 1682.1 1669.2 1655.2 1641.1 1626.1 1611.7 1596.4 1580.8 1567.4 1556.4 1543.4 1530.1 1518.2 1509.6 1500.3 1492.3 1482.8 1474.6 1469.7 1461.1 2678 2691.7 2703.9 2715.5 2726.6 2736.9 2747.6 2762.1 2774.5 2787.9 2801 2813 2823 2836 2852.3 2867.9 2881.7 2895.8 2906.1 2919.1 2932.3 2941.6 2951.1 2937.1 2928.4 2923.1 2919.2 2916.4 2914.9 2914.9 2916.6 2920
1992.1 1983.4 1973.5 1967.9 1964 1963.7 1961.3 1960.8 1957 1955 1952.3 1952.1 1949.5 1946.3 1943 1947.4 1947.1 1942 1927.2 1914.6 1910.1 1906.9 1901.3 1896.6 1892.5 1889.2 1885.6 1882.8 1881.8 1879.8 1874.9 1871 1864.8 1864.6 1864.1 1862 1857.3 1853.2 1847.6 1842.3 1840.2 1838.5 1834.1 1829.5 1822.6 1817.1 1815.3 1812.2 1806.6 1800.6 1796.4 1794.3 1790.4 1784.8 1779.4 1773.4 1766.3 1762.1 1755.6 1749.8 1743.2 1735.8 1729.4 1723.2 1717.3 1710.5 1701.5 1690.5 1679 1666.5 1652.3 1637.6
2657.9 2637.7 2618.6 2599.6 2580 2561.1 2541.4 2522.7 2505 2487.2 2470.8 2454.8 2440 2427.8 2413.6 2401.9 2389.6 2376.3 2364.3 2350.6 2334.6 2316.7 2298.7 2280.2 2263.6 2249.7 2238.1 2229.4 2222.5 2212.3 2198 2186.1 2174.2 2162.5 2153.3 2139.5 2127.7 2116 2103.5 2091.2 2077.6 2067.5 2055.2 2042 2030.1 2018.8 2009 1999.9 1988.1 1980.1 1974.4 1968.9 1964 1958.1 1954.5 1952.6 1949.4 1946.9 1945.9 1945.5 1944.7 1942.3 1939.7 1938.3 1941.9 1939.8 1933.1 1920 1912.5 1909.2 1900.9 1895
3034.9 3034.1 3035.1 3035.5 3034.3 3031.5 3030.8 3027.7 3023.2 3020.5 3016.2 3011.7 3004.3 2999.9 2991.3 2983.5 2974.2 2964.5 2956.6 2952.6 2947.1 2942.1 2938 2932 2926.4 2918.2 2910.7 2903.5 2897.7 2892.4 2886.1 2877.3 2866.4 2853.4 2840.1 2828.8 2817.4 2806.4 2795.3 2785.9 2775.1 2764.1 2751.9 2739.4 2725.5 2707.4 2688.1 2668.3 2648.6 2629 2610.3 2591.1 2572 2553.1 2534.8 2516.9 2498.5 2480.4 2461.6 2445.1 2432.7 2419.5 2406.2 2393.8 2380.9 2368.2 2354.1 2340.5 2327.6 2312.1 2294.4 2276.9
2864 2879.1 2890.2 2897 2905.2 2911.6 2924.2 2909.7 2899.3 2893.4 2890.4 2889.7 2891.2 2894.5 2899.7 2906.7 2915.4 2926 2938.5 2953.2 2970.3 2991.3 3008.9 3008.7 3009.9 3012 3010 3012.4 3014.9 3015.3 3015 3015.7 3015.8 3018.4 3019.9 3018.8 3018.5 3018.8 3019.4 3019.4 3020 3023.4 3023.8 3027.9 3029.4 3030.6 3031.4 3030.8 3031.2 3029.8 3029.1 3028.6 3024.6 3023.3 3023.5 3021.4 3018 3012.8 3011.5 3007.1 3000.2 2992.4 2985.5 2978.7 2967.9 2959.1 2950.6 2945.9 2939.6 2936 2933 2927.1
1756.6 1751.1 1745.3 1738.6 1733.4 1727.4 1720.7 1713.1 1705.5 1697.6 1689.1 1680 1671.1 1660.1 1648 1634 1617.8 1600.6 1584.6 1570.4 1556.3 1542.4 1529.5 1518.4 1510.6 1501.6 1494.4 1484.8 1480.3 1475.1 1470 1464.5 2665.9 2679.8 2691.6 2703 2715.6 2727.5 2739.1 2751.4 2760.5 2769.7 2779.6 2791.8 2804.2 2818 2832.3 2846.2 2861.3 2873.5 2881.4 2889.3 2898.3 2907.8 2916.1 2906.4 2897 2888.4 2884.3 2883.5 2885.4 2889.5 2895.6 2903.7 2913.6 2925.3 2939.2 2955.5 2974.4 2991.2 3004.1 3005.7
1938.1 1936.2 1935.1 1933.9 1931.8 1931.1 1928.3 1923.1 1919.8 1920.3 1914.9 1911.4 1906.1 1902.7 1900.5 1896.6 1890.3 1887.3 1883.5 1877.7 1870.6 1867.5 1862.3 1858.8 1855.3 1854.1 1851.5 1851.5 1846.6 1839 1834.3 1828.2 1823.5 1818.6 1813.2 1808.7 1804.6 1798.9 1794.4 1790.8 1785.8 1781.1 1776.8 1775.5 1772.4 1769 1764.5 1759.3 1754.1 1748.6 1743 1737.1 1731.9 1724.3 1716.3 1708.4 1701.1 1693.5 1686.2 1677.3 1668.2 1657.5 1648.3 1635.8 1621.6 1602.1 1583.3 1568.2 1555.3 1542.9 1529.3 1516.8
2478.9 2461 2445.1 2429.2 2414 2401.2 2387.3 2372.3 2357.6 2344.1 2330 2317 2304.1 2288.9 2271.7 2254.8 2238.1 2222.4 2207.4 2194.8 2183.6 2175.8 2167.8 2158.4 2149.9 2141.9 2132.5 2123.1 2111.5 2098.3 2084 2069.9 2056.6 2047.1 2035.4 2023.4 2013.2 2004.7 1998.3 1992.9 1985 1978.3 1972.5 1963.9 1958.4 1952.5 1946 1939.5 1934.4 1933.3 1932 1928.7 1927.3 1925.2 1924.4 1920.7 1915.6 1912.4 1909.8 1907.1 1903.9 1898.4 1896.2 1889.4 1884.5 1882.3 1880.6 1876.6 1871.5 1864.8 1862 1858.9
2997.2 2992.5 2985.1 2984.1 2978.3 2972.7 2969.7 2963.5 2953 2943.4 2937.3 2932.3 2927.6 2922.5 2918.1 2914.1 2911.8 2904.3 2901.2 2893.4 2884.2 2874.1 2858.4 2841.7 2829.1 2817.8 2808 2797.3 2785.2 2771.3 2764.2 2755.6 2747.8 2736.2 2722.7 2709.5 2696.9 2682.3 2663.7 2644.3 2626.2 2608.9 2590 2570.7 2551.9 2533.1 2513.1 2493.5 2475.6 2457.2 2440.2 2423 2407.8 2392.3 2379.4 2364.7 2349.6 2335.7 2323.7 2311.5 2297.7 2282.5 2266 2251.8 2236.9 2222.4 2207.9 2195.1 2183.6 2172.5 2162.7 2154.9
2890.7 2876.3 2870 2869.1 2872.4 2878.9 2888.1 2899.7 2913.5 2929.6 2947.8 2966.2 2984.5 2987.6 2990.9 2992.9 2995.3 2997.6 3002.4 3002.3 3005 3004.4 3007.1 3007.6 3008.3 3008.7 3007.6 3006.4 3005.6 3003.4 3002.5 3005.9 3004.9 3005.8 3007.6 3008.9 3013.5 3014.8 3013.7 3014.4 3013.5 3012.3 3012.6 3010.3 3008.8 3005.7 3000.4 2995 2990.6 2984.9 2979.3 2975.8 2970.7 2965.4 2961.9 2957 2949.7 2939.6 2933.9 2929.5 2923.7 2919.3 2914.9 2909.6 2906.4 2902.5 2898.7 2893 2881.2 2870.1 2855.2 2836.6
1694 1685.9 1677 1667.1 1657.3 1648.6 1645.1 1645.4 1636.3 1615.7 1596.4 1562.8 1548.3 1537.2 1525.3 1512.2 1500.6 1491.5 1484.5 1476.4 1470.7 1466 1462.5 1455.7 2639.7 2654.7 2668.5 2682 2696.5 2709.8 2719.8 2732.9 2743.6 2754.8 2764.7 2775.4 2786.9 2801 2812.2 2821.8 2831.9 2844.1 2857.5 2867.4 2876.3 2885.1 2890 2899.4 2884.1 2871.6 2865.7 2865.3 2869.3 2877 2887.5 2900.6 2916.3 2934.8 2954 2973 2977.9 2982.2 2985.9 2989.1 2991.7 2997.7 3000.3 3000.3 2999 2999.4 3003.1 3005.4
1900.3 1898.5 1895.5 1890.1 1886.9 1883.7 1880.7 1876.6 1873.2 1870.3 1866.5 1862.3 1859.6 1856.7 1853.7 1853.3 1853.2 1846.9 1845.6 1841.6 1837.4 1832.9 1825.4 1820 1816.6 1810.5 1807.9 1807.1 1803.3 1799.7 1794.5 1790.4 1781.8 1772.5 1766.2 1762.1 1757.2 1753 1748.8 1743.7 1740.6 1736.3 1731.5 1725.5 1719.2 1713.4 1707.1 1699.6 1691.3 1683.1 1673.2 1663.5 1653.7 1644.4 1639.2 1635.6 1632 1614.7 1590.5 1554.2 1541.5 1531.2 1522.3 1511.9 1501.1 1491.2 1481.7 1475.7 1471 1464.1 1458.6 1452.1
